00000 000 0000000000000000000 0000000000 0000 00000000 GAPPS264B0580883 400ETSS3ETSR6506 351650620580883 7558630
00000 000 0000000000000000000 0000000000 0000 00000000 GAPPS264B0580884 400ETSS3ETSR6506 351650620580884 7558630
00000 000 0000000000000000000 0000000000 0000 00000000 GAPPS264B0580885 400ETSS3ETSR6506 351650620580885 7558630
00000 000 0000000000000000000 0000000000 0000 00000000 GAPPS264B0580886 400ETSS3ETSR6506 351650620580886 7558630
00000 000 0000000000000000000 0000000000 0000 00000000 GAPPS264B0580887 400ETSS3ETSR6506 351650620580887 7558630
00000 000 0000000000000000000 0000000000 0000 00000000 GAPPS264B0580888 400ETSS3ETSR6506 351650620580888 7558630
00000 000 0000000000000000000 0000000000 0000 00000000 GAPPS264B0580889 400ETSS3ETSR6506 351650620580889 7558630
00000 000 0000000000000000000 0000000000 0000 00000000 GAPPS264B0580890 400ETSS3ETSR6506 351650620580890 7558630
00000 000 0000000000000000000 0000000000 0000 00000000 GAPPS264B0580891 400ETSS3ETSR6506 351650620580891 7558630
00000 000 0000000000000000000 0000000000 0000 00000000 GAPPS264B0580892 400ETSS3ETSR6506 351650620580892 7558630
00000 000 0000000000000000000 0000000000 0000 00000000 GAPPS264B0580893 400ETSS3ETSR6506 351650620580893 7558630
00000 000 0000000000000000000 0000000000 0000 00000000 GAPPS264B0580894 400ETSS3ETSR6506 351650620580894 7558630
00000 000 0000000000000000000 0000000000 0000 00000000 GAPPS264B0580895 400ETSS3ETSR6506 351650620580895 7558630
00000 000 0000000000000000000 0000000000 0000 00000000 GAPPS264B0580896 400ETSS3ETSR6506 351650620580896 7558630
00000 000 0000000000000000000 0000000000 0000 00000000 GAPPS264B0580897 400ETSS3ETSR6506 351650620580897 7558630
00000 000 0000000000000000000 0000000000 0000 00000000 GAPPS264B0580898 400ETSS3ETSR6506 351650620580898 7558630
00000 000 0000000000000000000 0000000000 0000 00000000 GAPPS264B0580899 400ETSS3ETSR6506 351650620580899 7558630
00000 000 0000000000000000000 0000000000 0000 00000000 GAPPS264B0580900 400ETSS3ETSR6506 351650620580900 7558630
00000 000 0000000000000000000 0000000000 0000 00000000 GAPPS264B0580901 400ETSS3ETSR6506 351650620580901 7558630
00000 000 0000000000000000000 0000000000 0000 00000000 GAPPS264B0580902 400ETSS3ETSR6506 351650620580902 7558630
00000 000 0000000000000000000 0000000000 0000 00000000 GAPPS264B0580903 400ETSS3ETSR6506 351650620580903 7558630
00000 000 0000000000000000000 0000000000 0000 00000000 GAPPS264B0580904 400ETSS3ETSR6506 351650620580904 7558630
00000 000 0000000000000000000 0000000000 0000 00000000 GAPPS264B0580905 400ETSS3ETSR6506 351650620580905 7558630
00000 000 0000000000000000000 0000000000 0000 00000000 GAPPS264B0580906 400ETSS3ETSR6506 351650620580906 7558630
00000 000 0000000000000000000 0000000000 0000 00000000 GAPPS264B0580907 400ETSS3ETSR6506 351650620580907 7558630
00000 000 0000000000000000000 0000000000 0000 00000000 GAPPS264B0580908 400ETSS3ETSR6506 351650620580908 7558630
00000 000 0000000000000000000 0000000000 0000 00000000 GAPPS264B0580909 400ETSS3ETSR6506 351650620580909 7558630
00000 000 0000000000000000000 0000000000 0000 00000000 GAPPS264B0580910 400ETSS3ETSR6506 351650620580910 7558630
00000 000 0000000000000000000 0000000000 0000 00000000 GAPPS264B0580911 400ETSS3ETSR6506 351650620580911 7558630
00000 000 0000000000000000000 0000000000 0000 00000000 GAPPS264B0580912 400ETSS3ETSR6506 351650620580912 7558630
00000 000 0000000000000000000 0000000000 0000 00000000 GAPPS264B0580913 400ETSS3ETSR6506 351650620580913 7558630
00000 000 0000000000000000000 0000000000 0000 00000000 GAPPS264B0580914 400ETSS3ETSR6506 351650620580914 7558630
00000 000 0000000000000000000 0000000000 0000 00000000 GAPPS264B0580915 400ETSS3ETSR6506 351650620580915 7558630
00000 000 0000000000000000000 0000000000 0000 00000000 GAPPS264B0580916 400ETSS3ETSR6506 351650620580916 7558630
00000 000 0000000000000000000 0000000000 0000 00000000 GAPPS264B0580917 400ETSS3ETSR6506 351650620580917 7558630
00000 000 0000000000000000000 0000000000 0000 00000000 GAPPS264B0580918 400ETSS3ETSR6506 351650620580918 7558630
00000 000 0000000000000000000 0000000000 0000 00000000 GAPPS264B0580919 400ETSS3ETSR6506 351650620580919 7558630
00000 000 0000000000000000000 0000000000 0000 00000000 GAPPS264B0580920 400ETSS3ETSR6506 351650620580920 7558630
00000 000 0000000000000000000 0000000000 0000 00000000 GAPPS264B0580921 400ETSS3ETSR6506 351650620580921 7558630
00000 000 0000000000000000000 0000000000 0000 00000000 GAPPS264B0580922 400ETSS3ETSR6506 351650620580922 7558630
00000 000 0000000000000000000 0000000000 0000 00000000 GAPPS264B0580923 400ETSS3ETSR6506 351650620580923 7558630
00000 000 0000000000000000000 0000000000 0000 00000000 GAPPS264B0580924 400ETSS3ETSR6506 351650620580924 7558630
00000 000 0000000000000000000 0000000000 0000 00000000 GAPPS264B0580925 400ETSS3ETSR6506 351650620580925 7558630
00000 000 0000000000000000000 0000000000 0000 00000000 GAPPS264B0580926 400ETSS3ETSR6506 351650620580926 7558630
00000 000 0000000000000000000 0000000000 0000 00000000 GAPPS264B0580927 400ETSS3ETSR6506 351650620580927 7558630
00000 000 0000000000000000000 0000000000 0000 00000000 GAPPS264B0580928 400ETSS3ETSR6506 351650620580928 7558630
00000 000 0000000000000000000 0000000000 0000 00000000 GAPPS264B0580929 400ETSS3ETSR6506 351650620580929 7558630
00000 000 0000000000000000000 0000000000 0000 00000000 GAPPS264B0580930 400ETSS3ETSR6506 351650620580930 7558630
00000 000 0000000000000000000 0000000000 0000 00000000 GAPPS264B0580931 400ETSS3ETSR6506 351650620580931 7558630
00000 000 0000000000000000000 0000000000 0000 00000000 GAPPS264B0580932 400ETSS3ETSR6506 351650620580932 7558630
00000 000 0000000000000000000 0000000000 0000 00000000 GAPPS264B0580933 400ETSS3ETSR6506 351650620580933 7558630
00000 000 0000000000000000000 0000000000 0000 00000000 GAPPS264B0580934 400ETSS3ETSR6506 351650620580934 7558630
00000 000 0000000000000000000 0000000000 0000 00000000 GAPPS264B0580935 400ETSS3ETSR6506 351650620580935 7558630
00000 000 0000000000000000000 0000000000 0000 00000000 GAPPS264B0580936 400ETSS3ETSR6506 351650620580936 7558630
00000 000 0000000000000000000 0000000000 0000 00000000 GAPPS264B0580937 400ETSS3ETSR6506 351650620580937 7558630
00000 000 0000000000000000000 0000000000 0000 00000000 GAPPS264B0580938 400ETSS3ETSR6506 351650620580938 7558630
00000 000 0000000000000000000 0000000000 0000 00000000 GAPPS264B0580939 400ETSS3ETSR6506 351650620580939 7558630
00000 000 0000000000000000000 0000000000 0000 00000000 GAPPS264B0580940 400ETSS3ETSR6506 351650620580940 7558630
00000 000 0000000000000000000 0000000000 0000 00000000 GAPPS264B0580941 400ETSS3ETSR6506 351650620580941 7558630
00000 000 0000000000000000000 0000000000 0000 00000000 GAPPS264B0580942 400ETSS3ETSR6506 351650620580942 7558630
00000 000 0000000000000000000 0000000000 0000 00000000 GAPPS264B0580943 400ETSS3ETSR6506 351650620580943 7558630
00000 000 0000000000000000000 0000000000 0000 00000000 GAPPS264B0580944 400ETSS3ETSR6506 351650620580944 7558630
00000 000 0000000000000000000 0000000000 0000 00000000 GAPPS264B0580945 400ETSS3ETSR6506 351650620580945 7558630
00000 000 0000000000000000000 0000000000 0000 00000000 GAPPS264B0580946 400ETSS3ETSR6506 351650620580946 7558630
00000 000 0000000000000000000 0000000000 0000 00000000 GAPPS264B0580947 400ETSS3ETSR6506 351650620580947 7558630
00000 000 0000000000000000000 0000000000 0000 00000000 GAPPS264B0580948 400ETSS3ETSR6506 351650620580948 7558630
00000 000 0000000000000000000 0000000000 0000 00000000 GAPPS264B0580949 400ETSS3ETSR6506 351650620580949 7558630
00000 000 0000000000000000000 0000000000 0000 00000000 GAPPS264B0580950 400ETSS3ETSR6506 351650620580950 7558630
00000 000 0000000000000000000 0000000000 0000 00000000 GAPPS264B0580951 400ETSS3ETSR6506 351650620580951 7558630
00000 000 0000000000000000000 0000000000 0000 00000000 GAPPS264B0580952 400ETSS3ETSR6506 351650620580952 7558630
00000 000 0000000000000000000 0000000000 0000 00000000 GAPPS264B0580953 400ETSS3ETSR6506 351650620580953 7558630
00000 000 0000000000000000000 0000000000 0000 00000000 GAPPS264B0580954 400ETSS3ETSR6506 351650620580954 7558630
00000 000 0000000000000000000 0000000000 0000 00000000 GAPPS264B0580955 400ETSS3ETSR6506 351650620580955 7558630
00000 000 0000000000000000000 0000000000 0000 00000000 GAPPS264B0580956 400ETSS3ETSR6506 351650620580956 7558630
00000 000 0000000000000000000 0000000000 0000 00000000 GAPPS264B0580957 400ETSS3ETSR6506 351650620580957 7558630
00000 000 0000000000000000000 0000000000 0000 00000000 GAPPS264B0580958 400ETSS3ETSR6506 351650620580958 7558630
00000 000 0000000000000000000 0000000000 0000 00000000 GAPPS264B0580959 400ETSS3ETSR6506 351650620580959 7558630
00000 000 0000000000000000000 0000000000 0000 00000000 GAPPS264B0580960 400ETSS3ETSR6506 351650620580960 7558630
00000 000 0000000000000000000 0000000000 0000 00000000 GAPPS264B0580961 400ETSS3ETSR6506 351650620580961 7558630
00000 000 0000000000000000000 0000000000 0000 00000000 GAPPS264B0580962 400ETSS3ETSR6506 351650620580962 7558630
00000 000 0000000000000000000 0000000000 0000 00000000 GAPPS264B0580963 400ETSS3ETSR6506 351650620580963 7558630
00000 000 0000000000000000000 0000000000 0000 00000000 GAPPS264B0580964 400ETSS3ETSR6506 351650620580964 7558630
00000 000 0000000000000000000 0000000000 0000 00000000 GAPPS264B0580965 400ETSS3ETSR6506 351650620580965 7558630
00000 000 0000000000000000000 0000000000 0000 00000000 GAPPS264B0580966 400ETSS3ETSR6506 351650620580966 7558630
00000 000 0000000000000000000 0000000000 0000 00000000 GAPPS264B0580967 400ETSS3ETSR6506 351650620580967 7558630
00000 000 0000000000000000000 0000000000 0000 00000000 GAPPS264B0580968 400ETSS3ETSR6506 351650620580968 7558630
00000 000 0000000000000000000 0000000000 0000 00000000 GAPPS264B0580969 400ETSS3ETSR6506 351650620580969 7558630
00000 000 0000000000000000000 0000000000 0000 00000000 GAPPS264B0580970 400ETSS3ETSR6506 351650620580970 7558630
00000 000 0000000000000000000 0000000000 0000 00000000 GAPPS264B0580971 400ETSS3ETSR6506 351650620580971 7558630
00000 000 0000000000000000000 0000000000 0000 00000000 GAPPS264B0580972 400ETSS3ETSR6506 351650620580972 7558630
00000 000 0000000000000000000 0000000000 0000 00000000 GAPPS264B0580973 400ETSS3ETSR6506 351650620580973 7558630
00000 000 0000000000000000000 0000000000 0000 00000000 GAPPS264B0580974 400ETSS3ETSR6506 351650620580974 7558630
00000 000 0000000000000000000 0000000000 0000 00000000 GAPPS264B0580975 400ETSS3ETSR6506 351650620580975 7558630
00000 000 0000000000000000000 0000000000 0000 00000000 GAPPS264B0580976 400ETSS3ETSR6506 351650620580976 7558630
00000 000 0000000000000000000 0000000000 0000 00000000 GAPPS264B0580977 400ETSS3ETSR6506 351650620580977 7558630
00000 000 0000000000000000000 0000000000 0000 00000000 GAPPS264B0580978 400ETSS3ETSR6506 351650620580978 7558630
00000 000 0000000000000000000 0000000000 0000 00000000 GAPPS264B0580979 400ETSS3ETSR6506 351650620580979 7558630
00000 000 0000000000000000000 0000000000 0000 00000000 GAPPS264B0580980 400ETSS3ETSR6506 351650620580980 7558630
00000 000 0000000000000000000 0000000000 0000 00000000 GAPPS264B0580981 400ETSS3ETSR6506 351650620580981 7558630
00000 000 0000000000000000000 0000000000 0000 00000000 GAPPS264B0580982 400ETSS3ETSR6506 351650620580982 7558630