00000 000 0000000000000000000 0000000000 0000 00000000 GAPPS264B7364676 400ETSS3ETSR6506 351650627364676 7558630
00000 000 0000000000000000000 0000000000 0000 00000000 GAPPS264B7364678 400ETSS3ETSR6506 351650627364678 7558630
00000 000 0000000000000000000 0000000000 0000 00000000 GAPPS264B7364679 400ETSS3ETSR6506 351650627364679 7558630
00000 000 0000000000000000000 0000000000 0000 00000000 GAPPS264B7364680 400ETSS3ETSR6506 351650627364680 7558630
00000 000 0000000000000000000 0000000000 0000 00000000 GAPPS264B7364681 400ETSS3ETSR6506 351650627364681 7558630
00000 000 0000000000000000000 0000000000 0000 00000000 GAPPS264B7364682 400ETSS3ETSR6506 351650627364682 7558630
00000 000 0000000000000000000 0000000000 0000 00000000 GAPPS264B7364683 400ETSS3ETSR6506 351650627364683 7558630
00000 000 0000000000000000000 0000000000 0000 00000000 GAPPS264B7364684 400ETSS3ETSR6506 351650627364684 7558630
00000 000 0000000000000000000 0000000000 0000 00000000 GAPPS264B7364685 400ETSS3ETSR6506 351650627364685 7558630
00000 000 0000000000000000000 0000000000 0000 00000000 GAPPS264B7364686 400ETSS3ETSR6506 351650627364686 7558630
00000 000 0000000000000000000 0000000000 0000 00000000 GAPPS264B7364687 400ETSS3ETSR6506 351650627364687 7558630
00000 000 0000000000000000000 0000000000 0000 00000000 GAPPS264B7364688 400ETSS3ETSR6506 351650627364688 7558630
00000 000 0000000000000000000 0000000000 0000 00000000 GAPPS264B7364689 400ETSS3ETSR6506 351650627364689 7558630
00000 000 0000000000000000000 0000000000 0000 00000000 GAPPS264B7364690 400ETSS3ETSR6506 351650627364690 7558630
00000 000 0000000000000000000 0000000000 0000 00000000 GAPPS264B7364691 400ETSS3ETSR6506 351650627364691 7558630
00000 000 0000000000000000000 0000000000 0000 00000000 GAPPS264B7364692 400ETSS3ETSR6506 351650627364692 7558630
00000 000 0000000000000000000 0000000000 0000 00000000 GAPPS264B7364693 400ETSS3ETSR6506 351650627364693 7558630
00000 000 0000000000000000000 0000000000 0000 00000000 GAPPS264B7364694 400ETSS3ETSR6506 351650627364694 7558630
00000 000 0000000000000000000 0000000000 0000 00000000 GAPPS264B7364695 400ETSS3ETSR6506 351650627364695 7558630
00000 000 0000000000000000000 0000000000 0000 00000000 GAPPS264B7364696 400ETSS3ETSR6506 351650627364696 7558630
00000 000 0000000000000000000 0000000000 0000 00000000 GAPPS264B7364697 400ETSS3ETSR6506 351650627364697 7558630
00000 000 0000000000000000000 0000000000 0000 00000000 GAPPS264B7364698 400ETSS3ETSR6506 351650627364698 7558630
00000 000 0000000000000000000 0000000000 0000 00000000 GAPPS264B7364699 400ETSS3ETSR6506 351650627364699 7558630
00000 000 0000000000000000000 0000000000 0000 00000000 GAPPS264B7364700 400ETSS3ETSR6506 351650627364700 7558630
00000 000 0000000000000000000 0000000000 0000 00000000 GAPPS264B7364701 400ETSS3ETSR6506 351650627364701 7558630
00000 000 0000000000000000000 0000000000 0000 00000000 GAPPS264B7364702 400ETSS3ETSR6506 351650627364702 7558630
00000 000 0000000000000000000 0000000000 0000 00000000 GAPPS264B7364703 400ETSS3ETSR6506 351650627364703 7558630
00000 000 0000000000000000000 0000000000 0000 00000000 GAPPS264B7364704 400ETSS3ETSR6506 351650627364704 7558630
00000 000 0000000000000000000 0000000000 0000 00000000 GAPPS264B7364705 400ETSS3ETSR6506 351650627364705 7558630
00000 000 0000000000000000000 0000000000 0000 00000000 GAPPS264B7364706 400ETSS3ETSR6506 351650627364706 7558630
00000 000 0000000000000000000 0000000000 0000 00000000 GAPPS264B7364707 400ETSS3ETSR6506 351650627364707 7558630
00000 000 0000000000000000000 0000000000 0000 00000000 GAPPS264B7364708 400ETSS3ETSR6506 351650627364708 7558630
00000 000 0000000000000000000 0000000000 0000 00000000 GAPPS264B7364709 400ETSS3ETSR6506 351650627364709 7558630
00000 000 0000000000000000000 0000000000 0000 00000000 GAPPS264B7364710 400ETSS3ETSR6506 351650627364710 7558630
00000 000 0000000000000000000 0000000000 0000 00000000 GAPPS264B7364711 400ETSS3ETSR6506 351650627364711 7558630
00000 000 0000000000000000000 0000000000 0000 00000000 GAPPS264B7364712 400ETSS3ETSR6506 351650627364712 7558630
00000 000 0000000000000000000 0000000000 0000 00000000 GAPPS264B7364713 400ETSS3ETSR6506 351650627364713 7558630
00000 000 0000000000000000000 0000000000 0000 00000000 GAPPS264B7364714 400ETSS3ETSR6506 351650627364714 7558630
00000 000 0000000000000000000 0000000000 0000 00000000 GAPPS264B7364715 400ETSS3ETSR6506 351650627364715 7558630
00000 000 0000000000000000000 0000000000 0000 00000000 GAPPS264B7364716 400ETSS3ETSR6506 351650627364716 7558630
00000 000 0000000000000000000 0000000000 0000 00000000 GAPPS264B7364717 400ETSS3ETSR6506 351650627364717 7558630
00000 000 0000000000000000000 0000000000 0000 00000000 GAPPS264B7364718 400ETSS3ETSR6506 351650627364718 7558630
00000 000 0000000000000000000 0000000000 0000 00000000 GAPPS264B7364719 400ETSS3ETSR6506 351650627364719 7558630
00000 000 0000000000000000000 0000000000 0000 00000000 GAPPS264B7364720 400ETSS3ETSR6506 351650627364720 7558630
00000 000 0000000000000000000 0000000000 0000 00000000 GAPPS264B7364721 400ETSS3ETSR6506 351650627364721 7558630
00000 000 0000000000000000000 0000000000 0000 00000000 GAPPS264B7364722 400ETSS3ETSR6506 351650627364722 7558630
00000 000 0000000000000000000 0000000000 0000 00000000 GAPPS264B7364723 400ETSS3ETSR6506 351650627364723 7558630
00000 000 0000000000000000000 0000000000 0000 00000000 GAPPS264B7364724 400ETSS3ETSR6506 351650627364724 7558630
00000 000 0000000000000000000 0000000000 0000 00000000 GAPPS264B7364725 400ETSS3ETSR6506 351650627364725 7558630
00000 000 0000000000000000000 0000000000 0000 00000000 GAPPS264B7364726 400ETSS3ETSR6506 351650627364726 7558630
00000 000 0000000000000000000 0000000000 0000 00000000 GAPPS264B7364727 400ETSS3ETSR6506 351650627364727 7558630
00000 000 0000000000000000000 0000000000 0000 00000000 GAPPS264B7364728 400ETSS3ETSR6506 351650627364728 7558630
00000 000 0000000000000000000 0000000000 0000 00000000 GAPPS264B7364729 400ETSS3ETSR6506 351650627364729 7558630
00000 000 0000000000000000000 0000000000 0000 00000000 GAPPS264B7364730 400ETSS3ETSR6506 351650627364730 7558630
00000 000 0000000000000000000 0000000000 0000 00000000 GAPPS264B7364731 400ETSS3ETSR6506 351650627364731 7558630
00000 000 0000000000000000000 0000000000 0000 00000000 GAPPS264B7364732 400ETSS3ETSR6506 351650627364732 7558630
00000 000 0000000000000000000 0000000000 0000 00000000 GAPPS264B7364733 400ETSS3ETSR6506 351650627364733 7558630
00000 000 0000000000000000000 0000000000 0000 00000000 GAPPS264B7364734 400ETSS3ETSR6506 351650627364734 7558630
00000 000 0000000000000000000 0000000000 0000 00000000 GAPPS264B7364735 400ETSS3ETSR6506 351650627364735 7558630
00000 000 0000000000000000000 0000000000 0000 00000000 GAPPS264B7364736 400ETSS3ETSR6506 351650627364736 7558630
00000 000 0000000000000000000 0000000000 0000 00000000 GAPPS264B7364737 400ETSS3ETSR6506 351650627364737 7558630
00000 000 0000000000000000000 0000000000 0000 00000000 GAPPS264B7364738 400ETSS3ETSR6506 351650627364738 7558630
00000 000 0000000000000000000 0000000000 0000 00000000 GAPPS264B7364739 400ETSS3ETSR6506 351650627364739 7558630
00000 000 0000000000000000000 0000000000 0000 00000000 GAPPS264B7364740 400ETSS3ETSR6506 351650627364740 7558630
00000 000 0000000000000000000 0000000000 0000 00000000 GAPPS264B7364741 400ETSS3ETSR6506 351650627364741 7558630
00000 000 0000000000000000000 0000000000 0000 00000000 GAPPS264B7364742 400ETSS3ETSR6506 351650627364742 7558630
00000 000 0000000000000000000 0000000000 0000 00000000 GAPPS264B7364743 400ETSS3ETSR6506 351650627364743 7558630
00000 000 0000000000000000000 0000000000 0000 00000000 GAPPS264B7364744 400ETSS3ETSR6506 351650627364744 7558630
00000 000 0000000000000000000 0000000000 0000 00000000 GAPPS264B7364745 400ETSS3ETSR6506 351650627364745 7558630
00000 000 0000000000000000000 0000000000 0000 00000000 GAPPS264B7364746 400ETSS3ETSR6506 351650627364746 7558630
00000 000 0000000000000000000 0000000000 0000 00000000 GAPPS264B7364747 400ETSS3ETSR6506 351650627364747 7558630
00000 000 0000000000000000000 0000000000 0000 00000000 GAPPS264B7364748 400ETSS3ETSR6506 351650627364748 7558630
00000 000 0000000000000000000 0000000000 0000 00000000 GAPPS264B7364749 400ETSS3ETSR6506 351650627364749 7558630
00000 000 0000000000000000000 0000000000 0000 00000000 GAPPS264B7364750 400ETSS3ETSR6506 351650627364750 7558630
00000 000 0000000000000000000 0000000000 0000 00000000 GAPPS264B7364751 400ETSS3ETSR6506 351650627364751 7558630
00000 000 0000000000000000000 0000000000 0000 00000000 GAPPS264B7364752 400ETSS3ETSR6506 351650627364752 7558630
00000 000 0000000000000000000 0000000000 0000 00000000 GAPPS264B7364753 400ETSS3ETSR6506 351650627364753 7558630
00000 000 0000000000000000000 0000000000 0000 00000000 GAPPS264B7364754 400ETSS3ETSR6506 351650627364754 7558630
00000 000 0000000000000000000 0000000000 0000 00000000 GAPPS264B7364755 400ETSS3ETSR6506 351650627364755 7558630
00000 000 0000000000000000000 0000000000 0000 00000000 GAPPS264B7364756 400ETSS3ETSR6506 351650627364756 7558630
00000 000 0000000000000000000 0000000000 0000 00000000 GAPPS264B7364757 400ETSS3ETSR6506 351650627364757 7558630
00000 000 0000000000000000000 0000000000 0000 00000000 GAPPS264B7364758 400ETSS3ETSR6506 351650627364758 7558630
00000 000 0000000000000000000 0000000000 0000 00000000 GAPPS264B7364759 400ETSS3ETSR6506 351650627364759 7558630
00000 000 0000000000000000000 0000000000 0000 00000000 GAPPS264B7364760 400ETSS3ETSR6506 351650627364760 7558630
00000 000 0000000000000000000 0000000000 0000 00000000 GAPPS264B7364761 400ETSS3ETSR6506 351650627364761 7558630
00000 000 0000000000000000000 0000000000 0000 00000000 GAPPS264B7364762 400ETSS3ETSR6506 351650627364762 7558630
00000 000 0000000000000000000 0000000000 0000 00000000 GAPPS264B7364763 400ETSS3ETSR6506 351650627364763 7558630
00000 000 0000000000000000000 0000000000 0000 00000000 GAPPS264B7364764 400ETSS3ETSR6506 351650627364764 7558630
00000 000 0000000000000000000 0000000000 0000 00000000 GAPPS264B7364765 400ETSS3ETSR6506 351650627364765 7558630
00000 000 0000000000000000000 0000000000 0000 00000000 GAPPS264B7364766 400ETSS3ETSR6506 351650627364766 7558630
00000 000 0000000000000000000 0000000000 0000 00000000 GAPPS264B7364767 400ETSS3ETSR6506 351650627364767 7558630
00000 000 0000000000000000000 0000000000 0000 00000000 GAPPS264B7364768 400ETSS3ETSR6506 351650627364768 7558630
00000 000 0000000000000000000 0000000000 0000 00000000 GAPPS264B7364769 400ETSS3ETSR6506 351650627364769 7558630
00000 000 0000000000000000000 0000000000 0000 00000000 GAPPS264B7364770 400ETSS3ETSR6506 351650627364770 7558630
00000 000 0000000000000000000 0000000000 0000 00000000 GAPPS264B7364771 400ETSS3ETSR6506 351650627364771 7558630
00000 000 0000000000000000000 0000000000 0000 00000000 GAPPS264B7364772 400ETSS3ETSR6506 351650627364772 7558630
00000 000 0000000000000000000 0000000000 0000 00000000 GAPPS264B7364773 400ETSS3ETSR6506 351650627364773 7558630
00000 000 0000000000000000000 0000000000 0000 00000000 GAPPS264B7364774 400ETSS3ETSR6506 351650627364774 7558630
00000 000 0000000000000000000 0000000000 0000 00000000 GAPPS264B7364775 400ETSS3ETSR6506 351650627364775 7558630
00000 000 0000000000000000000 0000000000 0000 00000000 GAPPS264B7364776 400ETSS3ETSR6506 351650627364776 7558630