00000 000 0000000000000000000 0000000000 0000 00000000 GAPPS264B7337846 400ETSS3ETSR6506 351650627337846 7558630
00000 000 0000000000000000000 0000000000 0000 00000000 GAPPS264B7337848 400ETSS3ETSR6506 351650627337848 7558630
00000 000 0000000000000000000 0000000000 0000 00000000 GAPPS264B7337849 400ETSS3ETSR6506 351650627337849 7558630
00000 000 0000000000000000000 0000000000 0000 00000000 GAPPS264B7337850 400ETSS3ETSR6506 351650627337850 7558630
00000 000 0000000000000000000 0000000000 0000 00000000 GAPPS264B7337851 400ETSS3ETSR6506 351650627337851 7558630
00000 000 0000000000000000000 0000000000 0000 00000000 GAPPS264B7337852 400ETSS3ETSR6506 351650627337852 7558630
00000 000 0000000000000000000 0000000000 0000 00000000 GAPPS264B7337853 400ETSS3ETSR6506 351650627337853 7558630
00000 000 0000000000000000000 0000000000 0000 00000000 GAPPS264B7337854 400ETSS3ETSR6506 351650627337854 7558630
00000 000 0000000000000000000 0000000000 0000 00000000 GAPPS264B7337855 400ETSS3ETSR6506 351650627337855 7558630
00000 000 0000000000000000000 0000000000 0000 00000000 GAPPS264B7337856 400ETSS3ETSR6506 351650627337856 7558630
00000 000 0000000000000000000 0000000000 0000 00000000 GAPPS264B7337857 400ETSS3ETSR6506 351650627337857 7558630
00000 000 0000000000000000000 0000000000 0000 00000000 GAPPS264B7337858 400ETSS3ETSR6506 351650627337858 7558630
00000 000 0000000000000000000 0000000000 0000 00000000 GAPPS264B7337859 400ETSS3ETSR6506 351650627337859 7558630
00000 000 0000000000000000000 0000000000 0000 00000000 GAPPS264B7337860 400ETSS3ETSR6506 351650627337860 7558630
00000 000 0000000000000000000 0000000000 0000 00000000 GAPPS264B7337861 400ETSS3ETSR6506 351650627337861 7558630
00000 000 0000000000000000000 0000000000 0000 00000000 GAPPS264B7337862 400ETSS3ETSR6506 351650627337862 7558630
00000 000 0000000000000000000 0000000000 0000 00000000 GAPPS264B7337863 400ETSS3ETSR6506 351650627337863 7558630
00000 000 0000000000000000000 0000000000 0000 00000000 GAPPS264B7337864 400ETSS3ETSR6506 351650627337864 7558630
00000 000 0000000000000000000 0000000000 0000 00000000 GAPPS264B7337865 400ETSS3ETSR6506 351650627337865 7558630
00000 000 0000000000000000000 0000000000 0000 00000000 GAPPS264B7337866 400ETSS3ETSR6506 351650627337866 7558630
00000 000 0000000000000000000 0000000000 0000 00000000 GAPPS264B7337867 400ETSS3ETSR6506 351650627337867 7558630
00000 000 0000000000000000000 0000000000 0000 00000000 GAPPS264B7337868 400ETSS3ETSR6506 351650627337868 7558630
00000 000 0000000000000000000 0000000000 0000 00000000 GAPPS264B7337869 400ETSS3ETSR6506 351650627337869 7558630
00000 000 0000000000000000000 0000000000 0000 00000000 GAPPS264B7337870 400ETSS3ETSR6506 351650627337870 7558630
00000 000 0000000000000000000 0000000000 0000 00000000 GAPPS264B7337871 400ETSS3ETSR6506 351650627337871 7558630
00000 000 0000000000000000000 0000000000 0000 00000000 GAPPS264B7337872 400ETSS3ETSR6506 351650627337872 7558630
00000 000 0000000000000000000 0000000000 0000 00000000 GAPPS264B7337873 400ETSS3ETSR6506 351650627337873 7558630
00000 000 0000000000000000000 0000000000 0000 00000000 GAPPS264B7337874 400ETSS3ETSR6506 351650627337874 7558630
00000 000 0000000000000000000 0000000000 0000 00000000 GAPPS264B7337875 400ETSS3ETSR6506 351650627337875 7558630
00000 000 0000000000000000000 0000000000 0000 00000000 GAPPS264B7337876 400ETSS3ETSR6506 351650627337876 7558630
00000 000 0000000000000000000 0000000000 0000 00000000 GAPPS264B7337877 400ETSS3ETSR6506 351650627337877 7558630
00000 000 0000000000000000000 0000000000 0000 00000000 GAPPS264B7337878 400ETSS3ETSR6506 351650627337878 7558630
00000 000 0000000000000000000 0000000000 0000 00000000 GAPPS264B7337879 400ETSS3ETSR6506 351650627337879 7558630
00000 000 0000000000000000000 0000000000 0000 00000000 GAPPS264B7337880 400ETSS3ETSR6506 351650627337880 7558630
00000 000 0000000000000000000 0000000000 0000 00000000 GAPPS264B7337881 400ETSS3ETSR6506 351650627337881 7558630
00000 000 0000000000000000000 0000000000 0000 00000000 GAPPS264B7337882 400ETSS3ETSR6506 351650627337882 7558630
00000 000 0000000000000000000 0000000000 0000 00000000 GAPPS264B7337883 400ETSS3ETSR6506 351650627337883 7558630
00000 000 0000000000000000000 0000000000 0000 00000000 GAPPS264B7337884 400ETSS3ETSR6506 351650627337884 7558630
00000 000 0000000000000000000 0000000000 0000 00000000 GAPPS264B7337885 400ETSS3ETSR6506 351650627337885 7558630
00000 000 0000000000000000000 0000000000 0000 00000000 GAPPS264B7337886 400ETSS3ETSR6506 351650627337886 7558630
00000 000 0000000000000000000 0000000000 0000 00000000 GAPPS264B7337887 400ETSS3ETSR6506 351650627337887 7558630
00000 000 0000000000000000000 0000000000 0000 00000000 GAPPS264B7337888 400ETSS3ETSR6506 351650627337888 7558630
00000 000 0000000000000000000 0000000000 0000 00000000 GAPPS264B7337889 400ETSS3ETSR6506 351650627337889 7558630
00000 000 0000000000000000000 0000000000 0000 00000000 GAPPS264B7337890 400ETSS3ETSR6506 351650627337890 7558630
00000 000 0000000000000000000 0000000000 0000 00000000 GAPPS264B7337891 400ETSS3ETSR6506 351650627337891 7558630
00000 000 0000000000000000000 0000000000 0000 00000000 GAPPS264B7337892 400ETSS3ETSR6506 351650627337892 7558630
00000 000 0000000000000000000 0000000000 0000 00000000 GAPPS264B7337893 400ETSS3ETSR6506 351650627337893 7558630
00000 000 0000000000000000000 0000000000 0000 00000000 GAPPS264B7337894 400ETSS3ETSR6506 351650627337894 7558630
00000 000 0000000000000000000 0000000000 0000 00000000 GAPPS264B7337895 400ETSS3ETSR6506 351650627337895 7558630
00000 000 0000000000000000000 0000000000 0000 00000000 GAPPS264B7337896 400ETSS3ETSR6506 351650627337896 7558630
00000 000 0000000000000000000 0000000000 0000 00000000 GAPPS264B7337897 400ETSS3ETSR6506 351650627337897 7558630
00000 000 0000000000000000000 0000000000 0000 00000000 GAPPS264B7337898 400ETSS3ETSR6506 351650627337898 7558630
00000 000 0000000000000000000 0000000000 0000 00000000 GAPPS264B7337899 400ETSS3ETSR6506 351650627337899 7558630
00000 000 0000000000000000000 0000000000 0000 00000000 GAPPS264B7337900 400ETSS3ETSR6506 351650627337900 7558630
00000 000 0000000000000000000 0000000000 0000 00000000 GAPPS264B7337901 400ETSS3ETSR6506 351650627337901 7558630
00000 000 0000000000000000000 0000000000 0000 00000000 GAPPS264B7337902 400ETSS3ETSR6506 351650627337902 7558630
00000 000 0000000000000000000 0000000000 0000 00000000 GAPPS264B7337903 400ETSS3ETSR6506 351650627337903 7558630
00000 000 0000000000000000000 0000000000 0000 00000000 GAPPS264B7337904 400ETSS3ETSR6506 351650627337904 7558630
00000 000 0000000000000000000 0000000000 0000 00000000 GAPPS264B7337905 400ETSS3ETSR6506 351650627337905 7558630
00000 000 0000000000000000000 0000000000 0000 00000000 GAPPS264B7337906 400ETSS3ETSR6506 351650627337906 7558630
00000 000 0000000000000000000 0000000000 0000 00000000 GAPPS264B7337907 400ETSS3ETSR6506 351650627337907 7558630
00000 000 0000000000000000000 0000000000 0000 00000000 GAPPS264B7337908 400ETSS3ETSR6506 351650627337908 7558630
00000 000 0000000000000000000 0000000000 0000 00000000 GAPPS264B7337909 400ETSS3ETSR6506 351650627337909 7558630
00000 000 0000000000000000000 0000000000 0000 00000000 GAPPS264B7337910 400ETSS3ETSR6506 351650627337910 7558630
00000 000 0000000000000000000 0000000000 0000 00000000 GAPPS264B7337911 400ETSS3ETSR6506 351650627337911 7558630
00000 000 0000000000000000000 0000000000 0000 00000000 GAPPS264B7337912 400ETSS3ETSR6506 351650627337912 7558630
00000 000 0000000000000000000 0000000000 0000 00000000 GAPPS264B7337913 400ETSS3ETSR6506 351650627337913 7558630
00000 000 0000000000000000000 0000000000 0000 00000000 GAPPS264B7337914 400ETSS3ETSR6506 351650627337914 7558630
00000 000 0000000000000000000 0000000000 0000 00000000 GAPPS264B7337915 400ETSS3ETSR6506 351650627337915 7558630
00000 000 0000000000000000000 0000000000 0000 00000000 GAPPS264B7337916 400ETSS3ETSR6506 351650627337916 7558630
00000 000 0000000000000000000 0000000000 0000 00000000 GAPPS264B7337917 400ETSS3ETSR6506 351650627337917 7558630
00000 000 0000000000000000000 0000000000 0000 00000000 GAPPS264B7337918 400ETSS3ETSR6506 351650627337918 7558630
00000 000 0000000000000000000 0000000000 0000 00000000 GAPPS264B7337919 400ETSS3ETSR6506 351650627337919 7558630
00000 000 0000000000000000000 0000000000 0000 00000000 GAPPS264B7337920 400ETSS3ETSR6506 351650627337920 7558630
00000 000 0000000000000000000 0000000000 0000 00000000 GAPPS264B7337921 400ETSS3ETSR6506 351650627337921 7558630
00000 000 0000000000000000000 0000000000 0000 00000000 GAPPS264B7337922 400ETSS3ETSR6506 351650627337922 7558630
00000 000 0000000000000000000 0000000000 0000 00000000 GAPPS264B7337923 400ETSS3ETSR6506 351650627337923 7558630
00000 000 0000000000000000000 0000000000 0000 00000000 GAPPS264B7337924 400ETSS3ETSR6506 351650627337924 7558630
00000 000 0000000000000000000 0000000000 0000 00000000 GAPPS264B7337925 400ETSS3ETSR6506 351650627337925 7558630
00000 000 0000000000000000000 0000000000 0000 00000000 GAPPS264B7337926 400ETSS3ETSR6506 351650627337926 7558630
00000 000 0000000000000000000 0000000000 0000 00000000 GAPPS264B7337927 400ETSS3ETSR6506 351650627337927 7558630
00000 000 0000000000000000000 0000000000 0000 00000000 GAPPS264B7337928 400ETSS3ETSR6506 351650627337928 7558630
00000 000 0000000000000000000 0000000000 0000 00000000 GAPPS264B7337929 400ETSS3ETSR6506 351650627337929 7558630
00000 000 0000000000000000000 0000000000 0000 00000000 GAPPS264B7337930 400ETSS3ETSR6506 351650627337930 7558630
00000 000 0000000000000000000 0000000000 0000 00000000 GAPPS264B7337931 400ETSS3ETSR6506 351650627337931 7558630
00000 000 0000000000000000000 0000000000 0000 00000000 GAPPS264B7337932 400ETSS3ETSR6506 351650627337932 7558630
00000 000 0000000000000000000 0000000000 0000 00000000 GAPPS264B7337933 400ETSS3ETSR6506 351650627337933 7558630
00000 000 0000000000000000000 0000000000 0000 00000000 GAPPS264B7337934 400ETSS3ETSR6506 351650627337934 7558630
00000 000 0000000000000000000 0000000000 0000 00000000 GAPPS264B7337935 400ETSS3ETSR6506 351650627337935 7558630
00000 000 0000000000000000000 0000000000 0000 00000000 GAPPS264B7337936 400ETSS3ETSR6506 351650627337936 7558630
00000 000 0000000000000000000 0000000000 0000 00000000 GAPPS264B7337937 400ETSS3ETSR6506 351650627337937 7558630
00000 000 0000000000000000000 0000000000 0000 00000000 GAPPS264B7337938 400ETSS3ETSR6506 351650627337938 7558630
00000 000 0000000000000000000 0000000000 0000 00000000 GAPPS264B7337939 400ETSS3ETSR6506 351650627337939 7558630
00000 000 0000000000000000000 0000000000 0000 00000000 GAPPS264B7337940 400ETSS3ETSR6506 351650627337940 7558630
00000 000 0000000000000000000 0000000000 0000 00000000 GAPPS264B7337941 400ETSS3ETSR6506 351650627337941 7558630
00000 000 0000000000000000000 0000000000 0000 00000000 GAPPS264B7337942 400ETSS3ETSR6506 351650627337942 7558630
00000 000 0000000000000000000 0000000000 0000 00000000 GAPPS264B7337943 400ETSS3ETSR6506 351650627337943 7558630
00000 000 0000000000000000000 0000000000 0000 00000000 GAPPS264B7337944 400ETSS3ETSR6506 351650627337944 7558630
00000 000 0000000000000000000 0000000000 0000 00000000 GAPPS264B7337945 400ETSS3ETSR6506 351650627337945 7558630
00000 000 0000000000000000000 0000000000 0000 00000000 GAPPS264B7337946 400ETSS3ETSR6506 351650627337946 7558630