00000 000 0000000000000000000 0000000000 0000 00000000 GAPPS264B7276352 400ETSS3ETSR6506 351650627276352 7558630
00000 000 0000000000000000000 0000000000 0000 00000000 GAPPS264B7276354 400ETSS3ETSR6506 351650627276354 7558630
00000 000 0000000000000000000 0000000000 0000 00000000 GAPPS264B7276355 400ETSS3ETSR6506 351650627276355 7558630
00000 000 0000000000000000000 0000000000 0000 00000000 GAPPS264B7276356 400ETSS3ETSR6506 351650627276356 7558630
00000 000 0000000000000000000 0000000000 0000 00000000 GAPPS264B7276357 400ETSS3ETSR6506 351650627276357 7558630
00000 000 0000000000000000000 0000000000 0000 00000000 GAPPS264B7276358 400ETSS3ETSR6506 351650627276358 7558630
00000 000 0000000000000000000 0000000000 0000 00000000 GAPPS264B7276359 400ETSS3ETSR6506 351650627276359 7558630
00000 000 0000000000000000000 0000000000 0000 00000000 GAPPS264B7276360 400ETSS3ETSR6506 351650627276360 7558630
00000 000 0000000000000000000 0000000000 0000 00000000 GAPPS264B7276361 400ETSS3ETSR6506 351650627276361 7558630
00000 000 0000000000000000000 0000000000 0000 00000000 GAPPS264B7276362 400ETSS3ETSR6506 351650627276362 7558630
00000 000 0000000000000000000 0000000000 0000 00000000 GAPPS264B7276363 400ETSS3ETSR6506 351650627276363 7558630
00000 000 0000000000000000000 0000000000 0000 00000000 GAPPS264B7276364 400ETSS3ETSR6506 351650627276364 7558630
00000 000 0000000000000000000 0000000000 0000 00000000 GAPPS264B7276365 400ETSS3ETSR6506 351650627276365 7558630
00000 000 0000000000000000000 0000000000 0000 00000000 GAPPS264B7276366 400ETSS3ETSR6506 351650627276366 7558630
00000 000 0000000000000000000 0000000000 0000 00000000 GAPPS264B7276367 400ETSS3ETSR6506 351650627276367 7558630
00000 000 0000000000000000000 0000000000 0000 00000000 GAPPS264B7276368 400ETSS3ETSR6506 351650627276368 7558630
00000 000 0000000000000000000 0000000000 0000 00000000 GAPPS264B7276369 400ETSS3ETSR6506 351650627276369 7558630
00000 000 0000000000000000000 0000000000 0000 00000000 GAPPS264B7276370 400ETSS3ETSR6506 351650627276370 7558630
00000 000 0000000000000000000 0000000000 0000 00000000 GAPPS264B7276371 400ETSS3ETSR6506 351650627276371 7558630
00000 000 0000000000000000000 0000000000 0000 00000000 GAPPS264B7276372 400ETSS3ETSR6506 351650627276372 7558630
00000 000 0000000000000000000 0000000000 0000 00000000 GAPPS264B7276373 400ETSS3ETSR6506 351650627276373 7558630
00000 000 0000000000000000000 0000000000 0000 00000000 GAPPS264B7276374 400ETSS3ETSR6506 351650627276374 7558630
00000 000 0000000000000000000 0000000000 0000 00000000 GAPPS264B7276375 400ETSS3ETSR6506 351650627276375 7558630
00000 000 0000000000000000000 0000000000 0000 00000000 GAPPS264B7276376 400ETSS3ETSR6506 351650627276376 7558630
00000 000 0000000000000000000 0000000000 0000 00000000 GAPPS264B7276377 400ETSS3ETSR6506 351650627276377 7558630
00000 000 0000000000000000000 0000000000 0000 00000000 GAPPS264B7276378 400ETSS3ETSR6506 351650627276378 7558630
00000 000 0000000000000000000 0000000000 0000 00000000 GAPPS264B7276379 400ETSS3ETSR6506 351650627276379 7558630
00000 000 0000000000000000000 0000000000 0000 00000000 GAPPS264B7276380 400ETSS3ETSR6506 351650627276380 7558630
00000 000 0000000000000000000 0000000000 0000 00000000 GAPPS264B7276381 400ETSS3ETSR6506 351650627276381 7558630
00000 000 0000000000000000000 0000000000 0000 00000000 GAPPS264B7276382 400ETSS3ETSR6506 351650627276382 7558630
00000 000 0000000000000000000 0000000000 0000 00000000 GAPPS264B7276383 400ETSS3ETSR6506 351650627276383 7558630
00000 000 0000000000000000000 0000000000 0000 00000000 GAPPS264B7276384 400ETSS3ETSR6506 351650627276384 7558630
00000 000 0000000000000000000 0000000000 0000 00000000 GAPPS264B7276385 400ETSS3ETSR6506 351650627276385 7558630
00000 000 0000000000000000000 0000000000 0000 00000000 GAPPS264B7276386 400ETSS3ETSR6506 351650627276386 7558630
00000 000 0000000000000000000 0000000000 0000 00000000 GAPPS264B7276387 400ETSS3ETSR6506 351650627276387 7558630
00000 000 0000000000000000000 0000000000 0000 00000000 GAPPS264B7276388 400ETSS3ETSR6506 351650627276388 7558630
00000 000 0000000000000000000 0000000000 0000 00000000 GAPPS264B7276389 400ETSS3ETSR6506 351650627276389 7558630
00000 000 0000000000000000000 0000000000 0000 00000000 GAPPS264B7276390 400ETSS3ETSR6506 351650627276390 7558630
00000 000 0000000000000000000 0000000000 0000 00000000 GAPPS264B7276391 400ETSS3ETSR6506 351650627276391 7558630
00000 000 0000000000000000000 0000000000 0000 00000000 GAPPS264B7276392 400ETSS3ETSR6506 351650627276392 7558630
00000 000 0000000000000000000 0000000000 0000 00000000 GAPPS264B7276393 400ETSS3ETSR6506 351650627276393 7558630
00000 000 0000000000000000000 0000000000 0000 00000000 GAPPS264B7276394 400ETSS3ETSR6506 351650627276394 7558630
00000 000 0000000000000000000 0000000000 0000 00000000 GAPPS264B7276395 400ETSS3ETSR6506 351650627276395 7558630
00000 000 0000000000000000000 0000000000 0000 00000000 GAPPS264B7276396 400ETSS3ETSR6506 351650627276396 7558630
00000 000 0000000000000000000 0000000000 0000 00000000 GAPPS264B7276397 400ETSS3ETSR6506 351650627276397 7558630
00000 000 0000000000000000000 0000000000 0000 00000000 GAPPS264B7276398 400ETSS3ETSR6506 351650627276398 7558630
00000 000 0000000000000000000 0000000000 0000 00000000 GAPPS264B7276399 400ETSS3ETSR6506 351650627276399 7558630
00000 000 0000000000000000000 0000000000 0000 00000000 GAPPS264B7276400 400ETSS3ETSR6506 351650627276400 7558630
00000 000 0000000000000000000 0000000000 0000 00000000 GAPPS264B7276401 400ETSS3ETSR6506 351650627276401 7558630
00000 000 0000000000000000000 0000000000 0000 00000000 GAPPS264B7276402 400ETSS3ETSR6506 351650627276402 7558630
00000 000 0000000000000000000 0000000000 0000 00000000 GAPPS264B7276403 400ETSS3ETSR6506 351650627276403 7558630
00000 000 0000000000000000000 0000000000 0000 00000000 GAPPS264B7276404 400ETSS3ETSR6506 351650627276404 7558630
00000 000 0000000000000000000 0000000000 0000 00000000 GAPPS264B7276405 400ETSS3ETSR6506 351650627276405 7558630
00000 000 0000000000000000000 0000000000 0000 00000000 GAPPS264B7276406 400ETSS3ETSR6506 351650627276406 7558630
00000 000 0000000000000000000 0000000000 0000 00000000 GAPPS264B7276407 400ETSS3ETSR6506 351650627276407 7558630
00000 000 0000000000000000000 0000000000 0000 00000000 GAPPS264B7276408 400ETSS3ETSR6506 351650627276408 7558630
00000 000 0000000000000000000 0000000000 0000 00000000 GAPPS264B7276409 400ETSS3ETSR6506 351650627276409 7558630
00000 000 0000000000000000000 0000000000 0000 00000000 GAPPS264B7276410 400ETSS3ETSR6506 351650627276410 7558630
00000 000 0000000000000000000 0000000000 0000 00000000 GAPPS264B7276411 400ETSS3ETSR6506 351650627276411 7558630
00000 000 0000000000000000000 0000000000 0000 00000000 GAPPS264B7276412 400ETSS3ETSR6506 351650627276412 7558630
00000 000 0000000000000000000 0000000000 0000 00000000 GAPPS264B7276413 400ETSS3ETSR6506 351650627276413 7558630
00000 000 0000000000000000000 0000000000 0000 00000000 GAPPS264B7276414 400ETSS3ETSR6506 351650627276414 7558630
00000 000 0000000000000000000 0000000000 0000 00000000 GAPPS264B7276415 400ETSS3ETSR6506 351650627276415 7558630
00000 000 0000000000000000000 0000000000 0000 00000000 GAPPS264B7276416 400ETSS3ETSR6506 351650627276416 7558630
00000 000 0000000000000000000 0000000000 0000 00000000 GAPPS264B7276417 400ETSS3ETSR6506 351650627276417 7558630
00000 000 0000000000000000000 0000000000 0000 00000000 GAPPS264B7276418 400ETSS3ETSR6506 351650627276418 7558630
00000 000 0000000000000000000 0000000000 0000 00000000 GAPPS264B7276419 400ETSS3ETSR6506 351650627276419 7558630
00000 000 0000000000000000000 0000000000 0000 00000000 GAPPS264B7276420 400ETSS3ETSR6506 351650627276420 7558630
00000 000 0000000000000000000 0000000000 0000 00000000 GAPPS264B7276421 400ETSS3ETSR6506 351650627276421 7558630
00000 000 0000000000000000000 0000000000 0000 00000000 GAPPS264B7276422 400ETSS3ETSR6506 351650627276422 7558630
00000 000 0000000000000000000 0000000000 0000 00000000 GAPPS264B7276423 400ETSS3ETSR6506 351650627276423 7558630
00000 000 0000000000000000000 0000000000 0000 00000000 GAPPS264B7276424 400ETSS3ETSR6506 351650627276424 7558630
00000 000 0000000000000000000 0000000000 0000 00000000 GAPPS264B7276425 400ETSS3ETSR6506 351650627276425 7558630
00000 000 0000000000000000000 0000000000 0000 00000000 GAPPS264B7276426 400ETSS3ETSR6506 351650627276426 7558630
00000 000 0000000000000000000 0000000000 0000 00000000 GAPPS264B7276427 400ETSS3ETSR6506 351650627276427 7558630
00000 000 0000000000000000000 0000000000 0000 00000000 GAPPS264B7276428 400ETSS3ETSR6506 351650627276428 7558630
00000 000 0000000000000000000 0000000000 0000 00000000 GAPPS264B7276429 400ETSS3ETSR6506 351650627276429 7558630
00000 000 0000000000000000000 0000000000 0000 00000000 GAPPS264B7276430 400ETSS3ETSR6506 351650627276430 7558630
00000 000 0000000000000000000 0000000000 0000 00000000 GAPPS264B7276431 400ETSS3ETSR6506 351650627276431 7558630
00000 000 0000000000000000000 0000000000 0000 00000000 GAPPS264B7276432 400ETSS3ETSR6506 351650627276432 7558630
00000 000 0000000000000000000 0000000000 0000 00000000 GAPPS264B7276433 400ETSS3ETSR6506 351650627276433 7558630
00000 000 0000000000000000000 0000000000 0000 00000000 GAPPS264B7276434 400ETSS3ETSR6506 351650627276434 7558630
00000 000 0000000000000000000 0000000000 0000 00000000 GAPPS264B7276435 400ETSS3ETSR6506 351650627276435 7558630
00000 000 0000000000000000000 0000000000 0000 00000000 GAPPS264B7276436 400ETSS3ETSR6506 351650627276436 7558630
00000 000 0000000000000000000 0000000000 0000 00000000 GAPPS264B7276437 400ETSS3ETSR6506 351650627276437 7558630
00000 000 0000000000000000000 0000000000 0000 00000000 GAPPS264B7276438 400ETSS3ETSR6506 351650627276438 7558630
00000 000 0000000000000000000 0000000000 0000 00000000 GAPPS264B7276439 400ETSS3ETSR6506 351650627276439 7558630
00000 000 0000000000000000000 0000000000 0000 00000000 GAPPS264B7276440 400ETSS3ETSR6506 351650627276440 7558630
00000 000 0000000000000000000 0000000000 0000 00000000 GAPPS264B7276441 400ETSS3ETSR6506 351650627276441 7558630
00000 000 0000000000000000000 0000000000 0000 00000000 GAPPS264B7276442 400ETSS3ETSR6506 351650627276442 7558630
00000 000 0000000000000000000 0000000000 0000 00000000 GAPPS264B7276443 400ETSS3ETSR6506 351650627276443 7558630
00000 000 0000000000000000000 0000000000 0000 00000000 GAPPS264B7276444 400ETSS3ETSR6506 351650627276444 7558630
00000 000 0000000000000000000 0000000000 0000 00000000 GAPPS264B7276445 400ETSS3ETSR6506 351650627276445 7558630
00000 000 0000000000000000000 0000000000 0000 00000000 GAPPS264B7276446 400ETSS3ETSR6506 351650627276446 7558630
00000 000 0000000000000000000 0000000000 0000 00000000 GAPPS264B7276447 400ETSS3ETSR6506 351650627276447 7558630
00000 000 0000000000000000000 0000000000 0000 00000000 GAPPS264B7276448 400ETSS3ETSR6506 351650627276448 7558630
00000 000 0000000000000000000 0000000000 0000 00000000 GAPPS264B7276449 400ETSS3ETSR6506 351650627276449 7558630
00000 000 0000000000000000000 0000000000 0000 00000000 GAPPS264B7276450 400ETSS3ETSR6506 351650627276450 7558630
00000 000 0000000000000000000 0000000000 0000 00000000 GAPPS264B7276451 400ETSS3ETSR6506 351650627276451 7558630
00000 000 0000000000000000000 0000000000 0000 00000000 GAPPS264B7276452 400ETSS3ETSR6506 351650627276452 7558630