0SIMUPREE0300413,0852691118,893530305243681809,272039100243774
0SIMUPREE0300436,0852691119,893530305243681810,272039100243775
0SIMUPREE0300414,0852691120,893530305243681811,272039100243776
0SIMUPREE0300415,0852691121,893530305243681812,272039100243777
0SIMUPREE0300416,0852691122,893530305243681813,272039100243778
0SIMUPREE0300418,0852691123,893530305243681814,272039100243779
0SIMUPREE0300420,0852691124,893530305243681815,272039100243780
0SIMUPREE0300422,0852691125,893530305243681816,272039100243781
0SIMUPREE0300426,0852691126,893530305243681817,272039100243782
0SIMUPREE0300423,0852691127,893530305243681818,272039100243783
0SIMUPREE0300425,0852691128,893530305243681819,272039100243784
0SIMUPREE0301120,0859960103,893530305243694913,272039100245779
0SIMUPREE0301121,0859960107,893530305243694917,272039100245783
0SIMUPREE0301123,0859960113,893530305243694923,272039100245789
0SIMUPREE0301124,0859960116,893530305243694926,272039100245792
0SIMUPREE0301125,0859960117,893530305243694927,272039100245793
0SIMUPREE0301126,0859960118,893530305243694928,272039100245794
0SIMUPREE0301127,0859960120,893530305243694930,272039100245796
0SIMUPREE0301128,0859960121,893530305243694931,272039100245797
0SIMUPREE0301129,0859960123,893530305243694933,272039100245799
0SIMUPREE0301130,0859960124,893530305243694934,272039100245800
0SIMUPREE0301131,0859960126,893530305243694936,272039100245802
0SIMUPREE0301132,0859960127,893530305243694937,272039100245803
0SIMUPREE0301133,0859960129,893530305243694939,272039100245805
0SIMUPREE0301134,0859960149,893530305243694959,272039100245825
0SIMUPREE0301135,0859960133,893530305243694943,272039100245809
0SIMUPREE0301136,0859960105,893530305243694915,272039100245781
0SIMUPREE0301137,0859960130,893530305243694940,272039100245806
0SIMUPREE0301138,0859960109,893530305243694919,272039100245785
0SIMUPREE0301139,0859960111,893530305243694921,272039100245787
0SIMUPREE0301140,0859960119,893530305243694929,272039100245795
0SIMUPREE0301141,0859960125,893530305243694935,272039100245801
0SIMUPREE0301142,0859960141,893530305243694951,272039100245817
0SIMUPREE0301143,0859960146,893530305243694956,272039100245822
0SIMUPREE0301144,0859960143,893530305243694953,272039100245819
0SIMUPREE0301145,0859960132,893530305243694942,272039100245808
0SIMUPREE0301146,0859960108,893530305243694918,272039100245784
0SIMUPREE0301147,0859960134,893530305243694944,272039100245810
0SIMUPREE0301148,0859960112,893530305243694922,272039100245788
0SIMUPREE0301149,0859960135,893530305243694945,272039100245811
0SIMUPREE0301150,0859960136,893530305243694946,272039100245812
0SIMUPREE0301151,0859960114,893530305243694924,272039100245790
0SIMUPREE0301152,0859960115,893530305243694925,272039100245791
0SIMUPREE0301153,0859960137,893530305243694947,272039100245813
0SIMUPREE0301154,0859960138,893530305243694948,272039100245814
0SIMUPREE0301155,0859960122,893530305243694932,272039100245798
0SIMUPREE0301156,0859960139,893530305243694949,272039100245815
0SIMUPREE0301157,0859960140,893530305243694950,272039100245816
0SIMUPREE0301158,0859960128,893530305243694938,272039100245804
0SIMUPREE0301159,0859960142,893530305243694952,272039100245818
0SIMUPREE0301160,0859960131,893530305243694941,272039100245807
0SIMUPREE0301161,0859960144,893530305243694954,272039100245820
0SIMUPREE0301162,0859960101,893530305243694911,272039100245777
0SIMUPREE0301163,0859960102,893530305243694912,272039100245778
0SIMUPREE0301164,0859960145,893530305243694955,272039100245821
0SIMUPREE0301165,0859960104,893530305243694914,272039100245780
0SIMUPREE0301166,0859960148,893530305243694958,272039100245824
0SIMUPREE0301167,0859960147,893530305243694957,272039100245823