0SIMUPRER0300791,0000000000,893530305243626648,272039100226590
0SIMUPRER0300792,0000000000,893530305243626649,272039100226591
0SIMUPRER0300793,0000000000,893530305243626650,272039100226592
0SIMUPRER0300794,0000000000,893530305243626651,272039100226593
0SIMUPRER0300795,0000000000,893530305243626652,272039100226594
0SIMUPRER0300796,0000000000,893530305243626653,272039100226595
0SIMUPRER0300797,0000000000,893530305243626654,272039100226596
0SIMUPRER0300798,0000000000,893530305243626655,272039100226597
0SIMUPRER0300799,0000000000,893530305243626656,272039100226598
0SIMUPRER0300800,0000000000,893530305243626657,272039100226599
0SIMUPRER0300801,0000000000,893530305243626658,272039100226600
0SIMUPRER0300802,0000000000,893530305243626659,272039100226601
0SIMUPRER0300803,0000000000,893530305243626660,272039100226602
0SIMUPRER0300804,0000000000,893530305243626661,272039100226603
0SIMUPRER0300805,0000000000,893530305243626662,272039100226604
0SIMUPRER0300806,0000000000,893530305243626663,272039100226605
0SIMUPRER0300807,0000000000,893530305243626664,272039100226606
0SIMUPRER0300808,0000000000,893530305243626665,272039100226607
0SIMUPRER0300809,0000000000,893530305243626666,272039100226608
0SIMUPRER0300810,0000000000,893530305243626667,272039100226609
0SIMUPRER0300811,0000000000,893530305243626668,272039100226610
0SIMUPRER0300812,0000000000,893530305243626669,272039100226611
0SIMUPRER0300813,0000000000,893530305243626670,272039100226612
0SIMUPRER0300814,0000000000,893530305243626671,272039100226613
0SIMUPRER0300815,0000000000,893530305243626672,272039100226614
0SIMUPRER0300816,0000000000,893530305243626673,272039100226615
0SIMUPRER0300817,0000000000,893530305243626674,272039100226616
0SIMUPRER0300818,0000000000,893530305243626675,272039100226617
0SIMUPRER0300819,0000000000,893530305243626676,272039100226618
0SIMUPRER0300820,0000000000,893530305243626677,272039100226619
0SIMUPRER0300821,0000000000,893530305243626678,272039100226620
0SIMUPRER0300822,0000000000,893530305243626679,272039100226621
0SIMUPRER0300823,0000000000,893530305243626680,272039100226622
0SIMUPRER0300824,0000000000,893530305243626681,272039100226623
0SIMUPRER0300825,0000000000,893530305243626682,272039100226624
0SIMUPRER0300826,0000000000,893530305243626683,272039100226625
0SIMUPRER0300827,0000000000,893530305243626684,272039100226626
0SIMUPRER0300828,0000000000,893530305243626685,272039100226627
0SIMUPRER0300829,0000000000,893530305243626686,272039100226628
0SIMUPRER0300830,0000000000,893530305243626687,272039100226629
0SIMUPRER0300831,0000000000,893530305243626688,272039100226630
0SIMUPRER0300832,0000000000,893530305243626689,272039100226631
0SIMUPRER0300833,0000000000,893530305243626690,272039100226632
0SIMUPRER0300834,0000000000,893530305243626691,272039100226633
0SIMUPRER0300835,0000000000,893530305243626692,272039100226634
0SIMUPRER0300836,0000000000,893530305243626693,272039100226635
0SIMUPRER0300837,0000000000,893530305243626694,272039100226636
0SIMUPRER0300838,0000000000,893530305243626695,272039100226637
0SIMUPRER0300839,0000000000,893530305243626696,272039100226638
0SIMUPRER0300840,0000000000,893530305243626697,272039100226639
0SIMUPRER0300841,0000000000,893530305243626698,272039100226640
0SIMUPRER0300842,0000000000,893530305243626699,272039100226641
0SIMUPRER0300843,0000000000,893530305243626700,272039100226642
0SIMUPRER0300844,0000000000,893530305243626701,272039100226643
0SIMUPRER0300845,0000000000,893530305243626702,272039100226644
0SIMUPRER0300846,0000000000,893530305243626703,272039100226645
0SIMUPRER0300847,0000000000,893530305243626704,272039100226646
0SIMUPRER0300848,0000000000,893530305243626705,272039100226647
0SIMUPRER0300849,0000000000,893530305243626706,272039100226648
0SIMUPRER0300850,0000000000,893530305243626707,272039100226649
0SIMUPRER0300851,0000000000,893530305243626708,272039100226650
0SIMUPRER0300852,0000000000,893530305243626709,272039100226651
0SIMUPRER0300853,0000000000,893530305243626710,272039100226652
0SIMUPRER0300854,0000000000,893530305243626711,272039100226653
0SIMUPRER0300855,0000000000,893530305243626712,272039100226654
0SIMUPRER0300856,0000000000,893530305243626713,272039100226655
0SIMUPRER0300857,0000000000,893530305243626714,272039100226656
0SIMUPRER0300858,0000000000,893530305243626715,272039100226657
0SIMUPRER0300859,0000000000,893530305243626716,272039100226658
0SIMUPRER0300860,0000000000,893530305243626717,272039100226659
0SIMUPRER0300861,0000000000,893530305243626718,272039100226660
0SIMUPRER0300862,0000000000,893530305243626719,272039100226661
0SIMUPRER0300863,0000000000,893530305243626720,272039100226662
0SIMUPRER0300864,0000000000,893530305243626721,272039100226663
0SIMUPRER0300865,0000000000,893530305243626722,272039100226664
0SIMUPRER0300866,0000000000,893530305243626723,272039100226665
0SIMUPRER0300867,0000000000,893530305243626724,272039100226666
0SIMUPRER0300868,0000000000,893530305243626725,272039100226667
0SIMUPRER0300869,0000000000,893530305243626726,272039100226668
0SIMUPRER0300870,0000000000,893530305243626727,272039100226669
0SIMUPRER0300871,0000000000,893530305243626728,272039100226670
0SIMUPRER0300872,0000000000,893530305243626729,272039100226671
0SIMUPRER0300873,0000000000,893530305243626730,272039100226672
0SIMUPRER0300874,0000000000,893530305243626731,272039100226673
0SIMUPRER0300875,0000000000,893530305243626732,272039100226674
0SIMUPRER0300876,0000000000,893530305243626733,272039100226675
0SIMUPRER0300877,0000000000,893530305243626734,272039100226676
0SIMUPRER0300878,0000000000,893530305243626735,272039100226677
0SIMUPRER0300879,0000000000,893530305243626736,272039100226678
0SIMUPRER0300880,0000000000,893530305243626737,272039100226679
0SIMUPRER0300881,0000000000,893530305243626738,272039100226680
0SIMUPRER0300882,0000000000,893530305243626739,272039100226681
0SIMUPRER0300883,0000000000,893530305243626740,272039100226682
0SIMUPRER0300884,0000000000,893530305243626741,272039100226683
0SIMUPRER0300885,0000000000,893530305243626742,272039100226684
0SIMUPRER0300886,0000000000,893530305243626743,272039100226685
0SIMUPRER0300887,0000000000,893530305243626744,272039100226686
0SIMUPRER0300888,0000000000,893530305243626745,272039100226687
0SIMUPRER0300889,0000000000,893530305243626746,272039100226688
0SIMUPRER0300890,0000000000,893530305243626747,272039100226689
0SIMUPRER0300891,0000000000,893530305243626748,272039100226690
0SIMUPRER0300892,0000000000,893530305243626749,272039100226691
0SIMUPRER0300893,0000000000,893530305243626750,272039100226692
0SIMUPRER0300894,0000000000,893530305243626751,272039100226693
0SIMUPRER0300895,0000000000,893530305243626752,272039100226694
0SIMUPRER0300896,0000000000,893530305243626753,272039100226695
0SIMUPRER0300897,0000000000,893530305243626754,272039100226696
0SIMUPRER0300898,0000000000,893530305243626755,272039100226697
0SIMUPRER0300899,0000000000,893530305243626756,272039100226698
0SIMUPRER0300900,0000000000,893530305243626757,272039100226699
0SIMUPRER0300901,0000000000,893530305243626758,272039100226700
0SIMUPRER0300902,0000000000,893530305243626759,272039100226701
0SIMUPRER0300903,0000000000,893530305243626760,272039100226702
0SIMUPRER0300904,0000000000,893530305243626761,272039100226703
0SIMUPRER0300905,0000000000,893530305243626762,272039100226704
0SIMUPRER0300906,0000000000,893530305243626763,272039100226705
0SIMUPRER0300907,0000000000,893530305243626764,272039100226706
0SIMUPRER0300908,0000000000,893530305243626765,272039100226707
0SIMUPRER0300909,0000000000,893530305243626766,272039100226708
0SIMUPRER0300910,0000000000,893530305243626767,272039100226709
0SIMUPRER0300911,0000000000,893530305243626768,272039100226710
0SIMUPRER0300912,0000000000,893530305243626769,272039100226711
0SIMUPRER0300913,0000000000,893530305243626770,272039100226712
0SIMUPRER0300914,0000000000,893530305243626771,272039100226713
1SIMBIMBE111069,0000000000,893530305243681405,272039100112741
1SIMBIMBE111070,0000000000,893530305243681406,272039100112742
1SIMBIMBE111071,0000000000,893530305243681407,272039100112743
1SIMBIMBE111072,0000000000,893530305243681408,272039100112744
1SIMBIMBE111073,0000000000,893530305243681409,272039100112745
1SIMBIMBE111074,0000000000,893530305243681410,272039100112746
1SIMBIMBE111075,0000000000,893530305243681411,272039100112747
1SIMBIMBE111076,0000000000,893530305243681412,272039100112748
1SIMBIMBE111077,0000000000,893530305243681413,272039100112749
1SIMBIMBE111078,0000000000,893530305243681414,272039100112750
1SIMBIMBE111079,0000000000,893530305243681415,272039100112751
1SIMBIMBE111080,0000000000,893530305243681416,272039100112752
1SIMBIMBE111081,0000000000,893530305243681417,272039100112753
1SIMBIMBE111082,0000000000,893530305243681418,272039100112754
1SIMBIMBE111083,0000000000,893530305243681419,272039100112755
1SIMBIMBE111084,0000000000,893530305243681420,272039100112756
1SIMBIMBE111085,0000000000,893530305243681421,272039100112757
1SIMBIMBE111086,0000000000,893530305243681422,272039100112758
1SIMBIMBE111087,0000000000,893530305243681423,272039100112759
1SIMBIMBE111088,0000000000,893530305243681424,272039100112760
1SIMBIMBE111089,0000000000,893530305243681425,272039100112761
1SIMBIMBE111090,0000000000,893530305243681426,272039100112762
1SIMBIMBE111091,0000000000,893530305243681427,272039100112763
1SIMBIMBE111092,0000000000,893530305243681428,272039100112764
1SIMBIMBE111093,0000000000,893530305243681429,272039100112765
1SIMBIMBE111094,0000000000,893530305243681430,272039100112766
1SIMBIMBE111095,0000000000,893530305243681431,272039100112767
1SIMBIMBE111096,0000000000,893530305243681432,272039100112768
1SIMBIMBE111097,0000000000,893530305243681433,272039100112769
1SIMBIMBE111098,0000000000,893530305243681434,272039100112770
1SIMBIMBE111099,0000000000,893530305243681435,272039100112771
1SIMBIMBE111100,0000000000,893530305243681436,272039100112772
1SIMBIMBE111101,0000000000,893530305243681437,272039100112773
1SIMBIMBE111102,0000000000,893530305243681438,272039100112774
1SIMBIMBE111103,0000000000,893530305243681439,272039100112775
1SIMBIMBE111104,0000000000,893530305243681440,272039100112776
1SIMBIMBE111105,0000000000,893530305243681441,272039100112777
1SIMBIMBE111106,0000000000,893530305243681442,272039100112778
1SIMBIMBE111107,0000000000,893530305243681443,272039100112779
1SIMBIMBE111108,0000000000,893530305243681444,272039100112780
1SIMBIMBE111109,0000000000,893530305243681445,272039100112781
1SIMBIMBE111110,0000000000,893530305243681446,272039100112782
1SIMBIMBE111111,0000000000,893530305243681447,272039100112783
1SIMBIMBE111112,0000000000,893530305243681448,272039100112784
1SIMBIMBE111113,0000000000,893530305243681449,272039100112785
1SIMBIMBE111114,0000000000,893530305243681450,272039100112786
1SIMBIMBE111115,0000000000,893530305243681451,272039100112787
1SIMBIMBE111116,0000000000,893530305243681452,272039100112788
1SIMBIMBE111117,0000000000,893530305243681453,272039100112789
1SIMBIMBE111118,0000000000,893530305243681454,272039100112790
1SIMBIMBE111119,0000000000,893530305243681455,272039100112791
1SIMBIMBE111120,0000000000,893530305243681456,272039100112792
1SIMBIMBE111121,0000000000,893530305243681457,272039100112793
1SIMBIMBE111122,0000000000,893530305243681458,272039100112794
1SIMBIMBE111123,0000000000,893530305243681459,272039100112795
1SIMBIMBE111124,0000000000,893530305243681460,272039100112796
1SIMBIMBE111125,0000000000,893530305243681461,272039100112797
1SIMBIMBE111126,0000000000,893530305243681462,272039100112798
1SIMBIMBE111127,0000000000,893530305243681463,272039100112799
1SIMBIMBE111128,0000000000,893530305243681464,272039100112800
1SIMBIMBE111129,0000000000,893530305243681465,272039100112801
1SIMBIMBE111130,0000000000,893530305243681466,272039100112802
1SIMBIMBE111131,0000000000,893530305243681467,272039100112803
1SIMBIMBE111132,0000000000,893530305243681468,272039100112804
1SIMBIMBE111133,0000000000,893530305243681469,272039100112805
1SIMBIMBE111134,0000000000,893530305243681470,272039100112806
1SIMBIMBE111135,0000000000,893530305243681471,272039100112807
1SIMBIMBE111136,0000000000,893530305243681472,272039100112808
1SIMBIMBE111137,0000000000,893530305243681473,272039100112809
1SIMBIMBE111138,0000000000,893530305243681474,272039100112810
1SIMBIMBE111139,0000000000,893530305243681475,272039100112811
1SIMBIMBE111140,0000000000,893530305243681476,272039100112812
1SIMBIMBE111141,0000000000,893530305243681477,272039100112813
1SIMBIMBE111142,0000000000,893530305243681478,272039100112814
1SIMBIMBE111143,0000000000,893530305243681479,272039100112815
1SIMBIMBE111144,0000000000,893530305243681480,272039100112816
1SIMBIMBE111145,0000000000,893530305243681481,272039100112817
1SIMBIMBE111146,0000000000,893530305243681482,272039100112818
1SIMBIMBE111147,0000000000,893530305243681483,272039100112819
1SIMBIMBE111148,0000000000,893530305243681484,272039100112820
1SIMBIMBE111149,0000000000,893530305243681485,272039100112821
1SIMBIMBE111150,0000000000,893530305243681486,272039100112822
1SIMBIMBE111151,0000000000,893530305243681487,272039100112823
1SIMBIMBE111152,0000000000,893530305243681488,272039100112824
1SIMBIMBE111153,0000000000,893530305243681489,272039100112825
1SIMBIMBE111154,0000000000,893530305243681490,272039100112826
1SIMBIMBE111155,0000000000,893530305243681491,272039100112827
1SIMBIMBE111156,0000000000,893530305243681492,272039100112828
1SIMBIMBE111157,0000000000,893530305243681493,272039100112829
1SIMBIMBE111158,0000000000,893530305243681494,272039100112830
1SIMBIMBE111159,0000000000,893530305243681495,272039100112831
1SIMBIMBE111160,0000000000,893530305243681496,272039100112832
1SIMBIMBE111161,0000000000,893530305243681497,272039100112833
1SIMBIMBE111162,0000000000,893530305243681498,272039100112834
1SIMBIMBE111163,0000000000,893530305243681499,272039100112835
1SIMBIMBE111164,0000000000,893530305243681500,272039100112836
1SIMBIMBE111165,0000000000,893530305243681501,272039100112837
1SIMBIMBE111166,0000000000,893530305243681502,272039100112838
1SIMBIMBE111167,0000000000,893530305243681503,272039100112839
1SIMBIMBE111168,0000000000,893530305243681504,272039100112840
1SIMBIMBE111169,0000000000,893530305243681505,272039100112841
1SIMBIMBE111170,0000000000,893530305243681506,272039100112842
1SIMBIMBE111171,0000000000,893530305243681507,272039100112843
1SIMBIMBE111172,0000000000,893530305243681508,272039100112844
1SIMBIMBE111173,0000000000,893530305243681509,272039100112845
1SIMBIMBE111174,0000000000,893530305243681510,272039100112846
1SIMBIMBE111175,0000000000,893530305243681511,272039100112847
1SIMBIMBE111176,0000000000,893530305243681512,272039100112848
1SIMBIMBE111177,0000000000,893530305243681513,272039100112849
1SIMBIMBE111178,0000000000,893530305243681514,272039100112850
1SIMBIMBE111179,0000000000,893530305243681515,272039100112851
1SIMBIMBE111180,0000000000,893530305243681516,272039100112852
1SIMBIMBE111181,0000000000,893530305243681517,272039100112853
1SIMBIMBE111182,0000000000,893530305243681518,272039100112854
1SIMBIMBE111183,0000000000,893530305243681519,272039100112855
1SIMBIMBE111184,0000000000,893530305243681520,272039100112856
1SIMBIMBE111185,0000000000,893530305243681521,272039100112857
1SIMBIMBE111186,0000000000,893530305243681522,272039100112858
1SIMBIMBE111187,0000000000,893530305243681523,272039100112859
1SIMBIMBE111188,0000000000,893530305243681524,272039100112860
1SIMBIMBE111189,0000000000,893530305243681525,272039100112861
1SIMBIMBE111190,0000000000,893530305243681526,272039100112862
1SIMBIMBE111191,0000000000,893530305243681527,272039100112863
1SIMBIMBE111192,0000000000,893530305243681528,272039100112864
1SIMBIMBE111193,0000000000,893530305243681529,272039100112865
1SIMBIMBE111194,0000000000,893530305243681530,272039100112866
1SIMBIMBE111195,0000000000,893530305243681531,272039100112867
1SIMBIMBE111196,0000000000,893530305243681532,272039100112868
1SIMBIMBE111197,0000000000,893530305243681533,272039100112869
1SIMBIMBE111198,0000000000,893530305243681534,272039100112870
1SIMBIMBE111199,0000000000,893530305243681535,272039100112871
1SIMBIMBE111200,0000000000,893530305243681536,272039100112872
1SIMBIMBE111201,0000000000,893530305243681537,272039100112873
1SIMBIMBE111202,0000000000,893530305243681538,272039100112874
1SIMBIMBE111203,0000000000,893530305243681539,272039100112875
1SIMBIMBE111204,0000000000,893530305243681540,272039100112876
1SIMBIMBE111205,0000000000,893530305243681541,272039100112877
1SIMBIMBE111206,0000000000,893530305243681542,272039100112878
1SIMBIMBE111207,0000000000,893530305243681543,272039100112879
1SIMBIMBE111208,0000000000,893530305243681544,272039100112880
1SIMBIMBE111209,0000000000,893530305243681545,272039100112881
1SIMBIMBE111210,0000000000,893530305243681546,272039100112882
1SIMBIMBE111211,0000000000,893530305243681547,272039100112883
1SIMBIMBE111212,0000000000,893530305243681548,272039100112884
1SIMBIMBE111213,0000000000,893530305243681549,272039100112885
1SIMBIMBE111214,0000000000,893530305243681550,272039100112886
1SIMBIMBE111215,0000000000,893530305243681551,272039100112887
1SIMBIMBE111216,0000000000,893530305243681552,272039100112888
1SIMBIMBE111217,0000000000,893530305243681553,272039100112889
1SIMBIMBE111218,0000000000,893530305243681554,272039100112890
1SIMBIMBE111219,0000000000,893530305243681555,272039100112891
1SIMBIMBE111220,0000000000,893530305243681556,272039100112892
1SIMBIMBE111221,0000000000,893530305243681557,272039100112893
1SIMBIMBE111222,0000000000,893530305243681558,272039100112894
1SIMBIMBE111223,0000000000,893530305243681559,272039100112895
1SIMBIMBE111224,0000000000,893530305243681560,272039100112896
1SIMBIMBE111225,0000000000,893530305243681561,272039100112897
1SIMBIMBE111226,0000000000,893530305243681562,272039100112898
1SIMBIMBE111227,0000000000,893530305243681563,272039100112899
1SIMBIMBE111228,0000000000,893530305243681564,272039100112900
1SIMBIMBE111229,0000000000,893530305243681565,272039100112901
1SIMBIMBE111230,0000000000,893530305243681566,272039100112902
1SIMBIMBE111231,0000000000,893530305243681567,272039100112903
1SIMBIMBE111232,0000000000,893530305243681568,272039100112904
1SIMBIMBE111233,0000000000,893530305243681569,272039100112905
1SIMBIMBE111234,0000000000,893530305243681570,272039100112906
1SIMBIMBE111235,0000000000,893530305243681571,272039100112907
1SIMBIMBE111236,0000000000,893530305243681572,272039100112908
1SIMBIMBE111237,0000000000,893530305243681573,272039100112909
1SIMBIMBE111238,0000000000,893530305243681574,272039100112910
1SIMBIMBE111239,0000000000,893530305243681575,272039100112911
1SIMBIMBE111240,0000000000,893530305243681576,272039100112912
1SIMBIMBE111241,0000000000,893530305243681577,272039100112913
1SIMBIMBE111242,0000000000,893530305243681578,272039100112914
1SIMBIMBE111243,0000000000,893530305243681579,272039100112915
1SIMBIMBE111244,0000000000,893530305243681580,272039100112916
1SIMBIMBE111245,0000000000,893530305243681581,272039100112917
1SIMBIMBE111246,0000000000,893530305243681582,272039100112918
1SIMBIMBE111247,0000000000,893530305243681583,272039100112919
1SIMBIMBE111248,0000000000,893530305243681584,272039100112920
1SIMBIMBE111249,0000000000,893530305243681585,272039100112921
1SIMBIMBE111250,0000000000,893530305243681586,272039100112922
1SIMBIMBE111251,0000000000,893530305243681587,272039100112923
1SIMBIMBE111252,0000000000,893530305243681588,272039100112924
1SIMBIMBE111253,0000000000,893530305243681589,272039100112925
1SIMBIMBE111254,0000000000,893530305243681590,272039100112926
1SIMBIMBE111255,0000000000,893530305243681591,272039100112927
1SIMBIMBE111256,0000000000,893530305243681592,272039100112928
1SIMBIMBE111257,0000000000,893530305243681593,272039100112929
1SIMBIMBE111258,0000000000,893530305243681594,272039100112930
1SIMBIMBE111259,0000000000,893530305243681595,272039100112931
1SIMBIMBE111260,0000000000,893530305243681596,272039100112932
1SIMBIMBE111261,0000000000,893530305243681597,272039100112933
1SIMBIMBE111262,0000000000,893530305243681598,272039100112934
1SIMBIMBE111263,0000000000,893530305243681599,272039100112935
1SIMBIMBE111264,0000000000,893530305243681600,272039100112936
1SIMBIMBE111265,0000000000,893530305243681601,272039100112937
1SIMBIMBE111266,0000000000,893530305243681602,272039100112938
1SIMBIMBE111267,0000000000,893530305243681603,272039100112939
1SIMBIMBE111268,0000000000,893530305243681604,272039100112940
1SIMBIMBE111269,0000000000,893530305243681605,272039100112941
1SIMBIMBE111270,0000000000,893530305243681606,272039100112942
1SIMBIMBE111271,0000000000,893530305243681607,272039100112943
1SIMBIMBE111272,0000000000,893530305243681608,272039100112944
1SIMBIMBE111273,0000000000,893530305243681609,272039100112945
1SIMBIMBE111274,0000000000,893530305243681610,272039100112946
1SIMBIMBE111275,0000000000,893530305243681611,272039100112947
1SIMBIMBE111276,0000000000,893530305243681612,272039100112948
1SIMBIMBE111277,0000000000,893530305243681613,272039100112949
1SIMBIMBE111278,0000000000,893530305243681614,272039100112950
1SIMBIMBE111279,0000000000,893530305243681615,272039100112951
1SIMBIMBE111280,0000000000,893530305243681616,272039100112952
1SIMBIMBE111281,0000000000,893530305243681617,272039100112953
1SIMBIMBE111282,0000000000,893530305243681618,272039100112954
1SIMBIMBE111283,0000000000,893530305243681619,272039100112955
1SIMBIMBE111284,0000000000,893530305243681620,272039100112956
1SIMBIMBE111285,0000000000,893530305243681621,272039100112957
1SIMBIMBE111286,0000000000,893530305243681622,272039100112958
1SIMBIMBE111287,0000000000,893530305243681623,272039100112959
1SIMBIMBE111288,0000000000,893530305243681624,272039100112960
1SIMBIMBE111289,0000000000,893530305243681625,272039100112961
1SIMBIMBE111290,0000000000,893530305243681626,272039100112962
1SIMBIMBE111291,0000000000,893530305243681627,272039100112963
1SIMBIMBE111292,0000000000,893530305243681628,272039100112964