0SIMONLINA172824,0859542869,893530305243657498,272039144002872
0SIMONLINA172825,0859542870,893530305243657499,272039144002873
0SIMONLINA172826,0859542871,893530305243657500,272039144002874
0SIMONLINA172827,0859542872,893530305243657501,272039144002875
0SIMONLINA172829,0859542873,893530305243657502,272039144002876
0SIMONLINA172828,0859542874,893530305243657503,272039144002877
0SIMONLINA172830,0859542875,893530305243657504,272039144002878
0SIMONLINA172831,0859542876,893530305243657505,272039144002879
0SIMONLINA172832,0859542877,893530305243657506,272039144002880
0SIMONLINA172833,0859542878,893530305243657507,272039144002881
0SIMONLINA172834,0859542879,893530305243657508,272039144002882
0SIMONLINA172835,0859542880,893530305243657509,272039144002883
0SIMONLINA172836,0859542881,893530305243657510,272039144002884
0SIMONLINA172837,0859542882,893530305243657511,272039144002885
0SIMONLINA172838,0859542883,893530305243657512,272039144002886
0SIMONLINA172839,0859542884,893530305243657513,272039144002887
0SIMONLINA172840,0859542885,893530305243657514,272039144002888
0SIMONLINA172842,0859542886,893530305243657515,272039144002889
0SIMONLINA172841,0859542887,893530305243657516,272039144002890
0SIMONLINA172843,0859542888,893530305243657517,272039144002891
0SIMONLINA172844,0859542889,893530305243657518,272039144002892
0SIMONLINA172845,0859542890,893530305243657519,272039144002893
0SIMONLINA172846,0859542891,893530305243657520,272039144002894
0SIMONLINA172847,0859542892,893530305243657521,272039144002895
0SIMONLINA172848,0859542893,893530305243657522,272039144002896
0SIMONLINA172849,0859542894,893530305243657523,272039144002897
0SIMONLINA172850,0859542895,893530305243657524,272039144002898
0SIMONLINA172851,0859542896,893530305243657525,272039144002899
0SIMONLINA172852,0859542897,893530305243657526,272039144002900
0SIMONLINA172853,0859542898,893530305243657527,272039144002901
0SIMONLINA172854,0859542899,893530305243657528,272039144002902
0SIMONLINA172855,0859542900,893530305243657529,272039144002903
0SIMONLINA172856,0859542901,893530305243657530,272039144002904
0SIMONLINA172857,0859542902,893530305243657531,272039144002905
0SIMONLINA172858,0859542903,893530305243657532,272039144002906
0SIMONLINA172859,0859542904,893530305243657533,272039144002907
0SIMONLINA172860,0859542905,893530305243657534,272039144002908
0SIMONLINA172861,0859542906,893530305243657535,272039144002909
0SIMONLINA172862,0859542907,893530305243657536,272039144002910
0SIMONLINA172863,0859542908,893530305243657537,272039144002911
0SIMONLINA172864,0859542909,893530305243657538,272039144002912
0SIMONLINA172865,0859542910,893530305243657539,272039144002913
0SIMONLINA172866,0859542911,893530305243657540,272039144002914
0SIMONLINA172867,0859542912,893530305243657541,272039144002915
0SIMONLINA172868,0859542913,893530305243657542,272039144002916
0SIMONLINA172870,0859542914,893530305243657543,272039144002917
0SIMONLINA172869,0859542915,893530305243657544,272039144002918
0SIMONLINA172871,0859542916,893530305243657545,272039144002919
0SIMONLINA172872,0859542917,893530305243657546,272039144002920
0SIMONLINA172873,0859542918,893530305243657547,272039144002921
0SIMONLINA172874,0859542919,893530305243657548,272039144002922
0SIMONLINA172875,0859542920,893530305243657549,272039144002923
0SIMONLINA172876,0859542921,893530305243657550,272039144002924
0SIMONLINA172877,0859542922,893530305243657551,272039144002925
0SIMONLINA172879,0859542923,893530305243657552,272039144002926
0SIMONLINA172878,0859542924,893530305243657553,272039144002927
0SIMONLINA172880,0859542925,893530305243657554,272039144002928
0SIMONLINA172881,0859542926,893530305243657555,272039144002929
0SIMONLINA172882,0859542927,893530305243657556,272039144002930
0SIMONLINA172883,0859542928,893530305243657557,272039144002931
0SIMONLINA172884,0859542929,893530305243657558,272039144002932
0SIMONLINA172885,0859542930,893530305243657559,272039144002933
0SIMONLINA172886,0859542931,893530305243657560,272039144002934
0SIMONLINA172887,0859542932,893530305243657561,272039144002935
0SIMONLINA172888,0859542933,893530305243657562,272039144002936
0SIMONLINA172889,0859542934,893530305243657563,272039144002937
0SIMONLINA172890,0859542935,893530305243657564,272039144002938
0SIMONLINA172891,0859542936,893530305243657565,272039144002939
0SIMONLINA172892,0859542937,893530305243657566,272039144002940
0SIMONLINA172893,0859542938,893530305243657567,272039144002941
0SIMONLINA172896,0859542939,893530305243657568,272039144002942
0SIMONLINA172894,0859542940,893530305243657569,272039144002943
0SIMONLINA172895,0859542941,893530305243657570,272039144002944
0SIMONLINA172898,0859542942,893530305243657571,272039144002945
0SIMONLINA172897,0859542943,893530305243657572,272039144002946
0SIMONLINA172899,0859542944,893530305243657573,272039144002947
0SIMONLINA172900,0859542945,893530305243657574,272039144002948
0SIMONLINA172901,0859542946,893530305243657575,272039144002949
0SIMONLINA172902,0859542947,893530305243657576,272039144002950
0SIMONLINA172903,0859542948,893530305243657577,272039144002951
0SIMONLINA172904,0859542949,893530305243657578,272039144002952
0SIMONLINA172905,0859542950,893530305243657579,272039144002953
0SIMONLINA172906,0859542951,893530305243657580,272039144002954
0SIMONLINA172907,0859542952,893530305243657581,272039144002955
0SIMONLINA172908,0859542953,893530305243657582,272039144002956
0SIMONLINA172910,0859542954,893530305243657583,272039144002957
0SIMONLINA172909,0859542955,893530305243657584,272039144002958
0SIMONLINA172911,0859542956,893530305243657585,272039144002959
0SIMONLINA172912,0859542957,893530305243657586,272039144002960
0SIMONLINA172913,0859542958,893530305243657587,272039144002961
0SIMONLINA172914,0859542959,893530305243657588,272039144002962
0SIMONLINA172916,0859542960,893530305243657589,272039144002963
0SIMONLINA172915,0859542961,893530305243657590,272039144002964
0SIMONLINA172917,0859542962,893530305243657591,272039144002965
0SIMONLINA172918,0859542963,893530305243657592,272039144002966
0SIMONLINA172919,0859542964,893530305243657593,272039144002967
0SIMONLINA172920,0859542965,893530305243657594,272039144002968
0SIMONLINA172921,0859542966,893530305243657595,272039144002969
0SIMONLINA172923,0859542967,893530305243657596,272039144002970
0SIMONLINA172922,0859542968,893530305243657597,272039144002971
0SIMONLINA172924,0859542969,893530305243657598,272039144002972
0SIMONLINA172925,0859542970,893530305243657599,272039144002973
0SIMONLINA172926,0859542971,893530305243657600,272039144002974
0SIMONLINA172927,0859542972,893530305243657601,272039144002975
0SIMONLINA172928,0859542973,893530305243657602,272039144002976
0SIMONLINA172929,0859542974,893530305243657603,272039144002977
0SIMONLINA172930,0859542975,893530305243657604,272039144002978
0SIMONLINA172931,0859542976,893530305243657605,272039144002979
0SIMONLINA172932,0859542977,893530305243657606,272039144002980
0SIMONLINA172933,0859542978,893530305243657607,272039144002981
0SIMONLINA172934,0859542979,893530305243657608,272039144002982
0SIMONLINA172935,0859542980,893530305243657609,272039144002983
0SIMONLINA172936,0859542981,893530305243657610,272039144002984
0SIMONLINA172937,0859542982,893530305243657611,272039144002985
0SIMONLINA172938,0859542983,893530305243657612,272039144002986