0SIMONLINA301137,0000000000,893530305243667965,272039104416743
0SIMONLINA301138,0000000000,893530305243667966,272039104416744
0SIMONLINA301139,0000000000,893530305243667967,272039104416745
0SIMONLINA301140,0000000000,893530305243667968,272039104416746
0SIMONLINA301141,0000000000,893530305243667969,272039104416747
0SIMONLINA301142,0000000000,893530305243667970,272039104416748
0SIMONLINA301143,0000000000,893530305243667971,272039104416749
0SIMONLINA301144,0000000000,893530305243667972,272039104416750
0SIMONLINA301145,0000000000,893530305243667973,272039104416751
0SIMONLINA301146,0000000000,893530305243667974,272039104416752
0SIMONLINA301147,0000000000,893530305243667975,272039104416753
0SIMONLINA301148,0000000000,893530305243667976,272039104416754
0SIMONLINA301149,0000000000,893530305243667977,272039104416755
0SIMONLINA301150,0000000000,893530305243667978,272039104416756
0SIMONLINA301151,0000000000,893530305243667979,272039104416757
0SIMONLINA301152,0000000000,893530305243667980,272039104416758
0SIMONLINA301153,0000000000,893530305243667981,272039104416759
0SIMONLINA301154,0000000000,893530305243667982,272039104416760
0SIMONLINA301155,0000000000,893530305243667983,272039104416761
0SIMONLINA301156,0000000000,893530305243667984,272039104416762
0SIMONLINA301157,0000000000,893530305243667985,272039104416763
0SIMONLINA301158,0000000000,893530305243667986,272039104416764
0SIMONLINA301159,0000000000,893530305243667987,272039104416765
0SIMONLINA301160,0000000000,893530305243667988,272039104416766
0SIMONLINA301161,0000000000,893530305243667989,272039104416767
0SIMONLINA301162,0000000000,893530305243667990,272039104416768
0SIMONLINA301163,0000000000,893530305243667991,272039104416769
0SIMONLINA301164,0000000000,893530305243667992,272039104416770
0SIMONLINA301165,0000000000,893530305243667993,272039104416771
0SIMONLINA301166,0000000000,893530305243667994,272039104416772
0SIMONLINA301167,0000000000,893530305243667995,272039104416773
0SIMONLINA301168,0000000000,893530305243667996,272039104416774
0SIMONLINA301169,0000000000,893530305243667997,272039104416775
0SIMONLINA301170,0000000000,893530305243667998,272039104416776
0SIMONLINA301171,0000000000,893530305243667999,272039104416777
0SIMONLINA301172,0000000000,893530305243668001,272039104416779
0SIMONLINA301173,0000000000,893530305243668002,272039104416780
0SIMONLINA301174,0000000000,893530305243668003,272039104416781
0SIMONLINA301175,0000000000,893530305243668004,272039104416782
0SIMONLINA301176,0000000000,893530305243668005,272039104416783
0SIMONLINA301177,0000000000,893530305243668006,272039104416784
0SIMONLINA301178,0000000000,893530305243668007,272039104416785
0SIMONLINA301179,0000000000,893530305243668008,272039104416786
0SIMONLINA301180,0000000000,893530305243668009,272039104416787
0SIMONLINA301181,0000000000,893530305243668010,272039104416788
0SIMONLINA301182,0000000000,893530305243668011,272039104416789
0SIMONLINA301183,0000000000,893530305243668012,272039104416790
0SIMONLINA301184,0000000000,893530305243668013,272039104416791
0SIMONLINA301185,0000000000,893530305243668014,272039104416792
0SIMONLINA301186,0000000000,893530305243668015,272039104416793
0SIMONLINA301187,0000000000,893530305243668016,272039104416794
0SIMONLINA301188,0000000000,893530305243668017,272039104416795
0SIMONLINA301189,0000000000,893530305243668018,272039104416796
0SIMONLINA301190,0000000000,893530305243668019,272039104416797
0SIMONLINA301191,0000000000,893530305243668020,272039104416798
0SIMONLINA301192,0000000000,893530305243668021,272039104416799
0SIMONLINA301193,0000000000,893530305243668022,272039104416800
0SIMONLINA301194,0000000000,893530305243668023,272039104416801
0SIMONLINA301195,0000000000,893530305243668024,272039104416802
0SIMONLINA301196,0000000000,893530305243668025,272039104416803
0SIMONLINA301197,0000000000,893530305243668026,272039104416804
0SIMONLINA301198,0000000000,893530305243668027,272039104416805
0SIMONLINA301199,0000000000,893530305243668028,272039104416806
0SIMONLINA301200,0000000000,893530305243668029,272039104416807
0SIMONLINA301201,0000000000,893530305243668030,272039104416808
0SIMONLINA301202,0000000000,893530305243668031,272039104416809
0SIMONLINA301203,0000000000,893530305243668032,272039104416810
0SIMONLINA301204,0000000000,893530305243668033,272039104416811
0SIMONLINA301205,0000000000,893530305243668034,272039104416812
0SIMONLINA301206,0000000000,893530305243668035,272039104416813
0SIMONLINA301207,0000000000,893530305243668036,272039104416814
0SIMONLINA301208,0000000000,893530305243668037,272039104416815
0SIMONLINA301209,0000000000,893530305243668038,272039104416816
0SIMONLINA301210,0000000000,893530305243668039,272039104416817
0SIMONLINA301211,0000000000,893530305243668040,272039104416818
0SIMONLINA301212,0000000000,893530305243668041,272039104416819
0SIMONLINA301213,0000000000,893530305243668042,272039104416820
0SIMONLINA301214,0000000000,893530305243668043,272039104416821
0SIMONLINA301215,0000000000,893530305243668044,272039104416822
0SIMONLINA301216,0000000000,893530305243668045,272039104416823
0SIMONLINA301217,0000000000,893530305243668046,272039104416824
0SIMONLINA301218,0000000000,893530305243668047,272039104416825
0SIMONLINA301219,0000000000,893530305243668048,272039104416826
0SIMONLINA301220,0000000000,893530305243668049,272039104416827
0SIMONLINA301221,0000000000,893530305243668050,272039104416828
0SIMONLINA301222,0000000000,893530305243668051,272039104416829
0SIMONLINA301223,0000000000,893530305243668052,272039104416830
0SIMONLINA301224,0000000000,893530305243668053,272039104416831
0SIMONLINA301225,0000000000,893530305243668054,272039104416832
0SIMONLINA301226,0000000000,893530305243668055,272039104416833
0SIMONLINA301227,0000000000,893530305243668056,272039104416834
0SIMONLINA301228,0000000000,893530305243668057,272039104416835
0SIMONLINA301229,0000000000,893530305243668058,272039104416836
0SIMONLINA301230,0000000000,893530305243668059,272039104416837
0SIMONLINA301231,0000000000,893530305243668060,272039104416838
0SIMONLINA301232,0000000000,893530305243668061,272039104416839
0SIMONLINA301233,0000000000,893530305243668062,272039104416840
0SIMONLINA301234,0000000000,893530305243668063,272039104416841
0SIMONLINA301235,0000000000,893530305243668064,272039104416842
0SIMONLINA301236,0000000000,893530305243668065,272039104416843
0SIMONLINA301237,0000000000,893530305243668066,272039104416844
0SIMONLINA301238,0000000000,893530305243668067,272039104416845
0SIMONLINA301239,0000000000,893530305243668068,272039104416846
0SIMONLINA301240,0000000000,893530305243668069,272039104416847
0SIMONLINA301241,0000000000,893530305243668070,272039104416848
0SIMONLINA301242,0000000000,893530305243668071,272039104416849
0SIMONLINA301243,0000000000,893530305243668072,272039104416850
0SIMONLINA301244,0000000000,893530305243668073,272039104416851
0SIMONLINA301245,0000000000,893530305243668074,272039104416852
0SIMONLINA301246,0000000000,893530305243668075,272039104416853
0SIMONLINA301247,0000000000,893530305243668076,272039104416854
0SIMONLINA301248,0000000000,893530305243668077,272039104416855
0SIMONLINA301249,0000000000,893530305243668078,272039104416856
0SIMONLINA301250,0000000000,893530305243668079,272039104416857
0SIMONLINA301251,0000000000,893530305243668080,272039104416858
0SIMONLINA301252,0000000000,893530305243668081,272039104416859
0SIMONLINA301253,0000000000,893530305243668082,272039104416860
0SIMONLINA301254,0000000000,893530305243668083,272039104416861
0SIMONLINA301255,0000000000,893530305243668084,272039104416862
0SIMONLINA301256,0000000000,893530305243668085,272039104416863
0SIMONLINA301257,0000000000,893530305243668086,272039104416864
0SIMONLINA301258,0000000000,893530305243668087,272039104416865
0SIMONLINA301259,0000000000,893530305243668088,272039104416866
0SIMONLINA301260,0000000000,893530305243668089,272039104416867
0SIMONLINA301261,0000000000,893530305243668090,272039104416868
0SIMONLINA301262,0000000000,893530305243668091,272039104416869
0SIMONLINA301263,0000000000,893530305243668092,272039104416870
0SIMONLINA301264,0000000000,893530305243668093,272039104416871
0SIMONLINA301265,0000000000,893530305243668094,272039104416872
0SIMONLINA301266,0000000000,893530305243668095,272039104416873
0SIMONLINA301267,0000000000,893530305243668096,272039104416874
0SIMONLINA301268,0000000000,893530305243668097,272039104416875
0SIMONLINA301269,0000000000,893530305243668098,272039104416876
0SIMONLINA301270,0000000000,893530305243668099,272039104416877
0SIMONLINA301271,0000000000,893530305243668100,272039104416878
0SIMONLINA301272,0000000000,893530305243668101,272039104416879
0SIMONLINA301273,0000000000,893530305243668102,272039104416880
0SIMONLINA301274,0000000000,893530305243668103,272039104416881
0SIMONLINA301275,0000000000,893530305243668104,272039104416882
0SIMONLINA301276,0000000000,893530305243668105,272039104416883
0SIMONLINA301277,0000000000,893530305243668106,272039104416884
0SIMONLINA301278,0000000000,893530305243668107,272039104416885
0SIMONLINA301279,0000000000,893530305243668108,272039104416886
0SIMONLINA301280,0000000000,893530305243668109,272039104416887
0SIMONLINA301281,0000000000,893530305243668110,272039104416888
0SIMONLINA301282,0000000000,893530305243668111,272039104416889
0SIMONLINA301283,0000000000,893530305243668112,272039104416890
0SIMONLINA301284,0000000000,893530305243668113,272039104416891
0SIMONLINA301285,0000000000,893530305243668114,272039104416892
0SIMONLINA301286,0000000000,893530305243668115,272039104416893
0SIMONLINA301287,0000000000,893530305243668116,272039104416894
0SIMONLINA301288,0000000000,893530305243668117,272039104416895
0SIMONLINA301289,0000000000,893530305243668118,272039104416896
0SIMONLINA301290,0000000000,893530305243668119,272039104416897
0SIMONLINA301291,0000000000,893530305243668120,272039104416898
0SIMONLINA301292,0000000000,893530305243668121,272039104416899
0SIMONLINA301293,0000000000,893530305243668122,272039104416900
0SIMONLINA301294,0000000000,893530305243668123,272039104416901
0SIMONLINA301295,0000000000,893530305243668124,272039104416902
0SIMONLINA301296,0000000000,893530305243668125,272039104416903
0SIMONLINA301297,0000000000,893530305243668126,272039104416904
0SIMONLINA301298,0000000000,893530305243668127,272039104416905
0SIMONLINA301299,0000000000,893530305243668128,272039104416906
0SIMONLINA301300,0000000000,893530305243668129,272039104416907
0SIMONLINA301301,0000000000,893530305243668130,272039104416908
0SIMONLINA301302,0000000000,893530305243668131,272039104416909
0SIMONLINA301303,0000000000,893530305243668132,272039104416910
0SIMONLINA301304,0000000000,893530305243668133,272039104416911
0SIMONLINA301305,0000000000,893530305243668134,272039104416912
0SIMONLINA301306,0000000000,893530305243668135,272039104416913
0SIMONLINA301307,0000000000,893530305243668136,272039104416914
0SIMONLINA301308,0000000000,893530305243668137,272039104416915
0SIMONLINA301309,0000000000,893530305243668138,272039104416916
0SIMONLINA301310,0000000000,893530305243668139,272039104416917
0SIMONLINA301311,0000000000,893530305243668140,272039104416918
0SIMONLINA301312,0000000000,893530305243668141,272039104416919
0SIMONLINA301313,0000000000,893530305243668142,272039104416920
0SIMONLINA301314,0000000000,893530305243668143,272039104416921
0SIMONLINA301315,0000000000,893530305243668144,272039104416922
0SIMONLINA301316,0000000000,893530305243668145,272039104416923
0SIMONLINA301317,0000000000,893530305243668146,272039104416924
0SIMONLINA301318,0000000000,893530305243668147,272039104416925
0SIMONLINA301319,0000000000,893530305243668148,272039104416926
0SIMONLINA301320,0000000000,893530305243668149,272039104416927
0SIMONLINA301321,0000000000,893530305243668150,272039104416928
0SIMONLINA301322,0000000000,893530305243668151,272039104416929
0SIMONLINA301323,0000000000,893530305243668152,272039104416930
0SIMONLINA301324,0000000000,893530305243668153,272039104416931
0SIMONLINA301325,0000000000,893530305243668154,272039104416932
0SIMONLINA301326,0000000000,893530305243668155,272039104416933
0SIMONLINA301327,0000000000,893530305243668156,272039104416934
0SIMONLINA301328,0000000000,893530305243668157,272039104416935
0SIMONLINA301329,0000000000,893530305243668158,272039104416936
0SIMONLINA301330,0000000000,893530305243668159,272039104416937
0SIMONLINA301331,0000000000,893530305243668160,272039104416938
0SIMONLINA301332,0000000000,893530305243668161,272039104416939
0SIMONLINA301333,0000000000,893530305243668162,272039104416940
0SIMONLINA301334,0000000000,893530305243668163,272039104416941
0SIMONLINA301335,0000000000,893530305243668164,272039104416942
0SIMONLINA301336,0000000000,893530305243668165,272039104416943
0SIMONLINA301337,0000000000,893530305243668166,272039104416944
0SIMONLINA301338,0000000000,893530305243668167,272039104416945
0SIMONLINA301339,0000000000,893530305243668168,272039104416946
0SIMONLINA301340,0000000000,893530305243668169,272039104416947
0SIMONLINA301341,0000000000,893530305243668170,272039104416948
0SIMONLINA301342,0000000000,893530305243668171,272039104416949
0SIMONLINA301343,0000000000,893530305243668172,272039104416950
0SIMONLINA301344,0000000000,893530305243668173,272039104416951
0SIMONLINA301345,0000000000,893530305243668174,272039104416952
0SIMONLINA301346,0000000000,893530305243668175,272039104416953
0SIMONLINA301347,0000000000,893530305243668176,272039104416954
0SIMONLINA301348,0000000000,893530305243668177,272039104416955
0SIMONLINA301349,0000000000,893530305243668178,272039104416956
0SIMONLINA301350,0000000000,893530305243668179,272039104416957
0SIMONLINA301351,0000000000,893530305243668180,272039104416958
0SIMONLINA301352,0000000000,893530305243668181,272039104416959
0SIMONLINA301353,0000000000,893530305243668182,272039104416960
0SIMONLINA301354,0000000000,893530305243668183,272039104416961
0SIMONLINA301355,0000000000,893530305243668184,272039104416962
0SIMONLINA301356,0000000000,893530305243668185,272039104416963
0SIMONLINA301357,0000000000,893530305243668186,272039104416964
0SIMONLINA301358,0000000000,893530305243668187,272039104416965
0SIMONLINA301359,0000000000,893530305243668188,272039104416966
0SIMONLINA301360,0000000000,893530305243668189,272039104416967
0SIMONLINA301361,0000000000,893530305243668190,272039104416968
0SIMONLINA301362,0000000000,893530305243668191,272039104416969
0SIMONLINA301363,0000000000,893530305243668192,272039104416970
0SIMONLINA301364,0000000000,893530305243668193,272039104416971
0SIMONLINA301365,0000000000,893530305243668194,272039104416972
0SIMONLINA301366,0000000000,893530305243668195,272039104416973
0SIMONLINA301367,0000000000,893530305243668196,272039104416974
0SIMONLINA301368,0000000000,893530305243668197,272039104416975
0SIMONLINA301369,0000000000,893530305243668198,272039104416976
0SIMONLINA301370,0000000000,893530305243668199,272039104416977
0SIMONLINA301371,0000000000,893530305243668200,272039104416978
0SIMONLINA301372,0000000000,893530305243668201,272039104416979
0SIMONLINA301373,0000000000,893530305243668202,272039104416980
0SIMONLINA301374,0000000000,893530305243668203,272039104416981
0SIMONLINA301375,0000000000,893530305243668204,272039104416982
0SIMONLINA301376,0000000000,893530305243668205,272039104416983
0SIMONLINA301377,0000000000,893530305243668206,272039104416984
0SIMONLINA301378,0000000000,893530305243668207,272039104416985
0SIMONLINA301379,0000000000,893530305243668208,272039104416986
0SIMONLINA301380,0000000000,893530305243668209,272039104416987
0SIMONLINA301381,0000000000,893530305243668210,272039104416988
0SIMONLINA301382,0000000000,893530305243668211,272039104416989
0SIMONLINA301383,0000000000,893530305243668212,272039104416990
0SIMONLINA301384,0000000000,893530305243668213,272039104416991
0SIMONLINA301385,0000000000,893530305243668214,272039104416992
0SIMONLINA301386,0000000000,893530305243668215,272039104416993
0SIMONLINA301387,0000000000,893530305243668216,272039104416994
0SIMONLINA301388,0000000000,893530305243668217,272039104416995
0SIMONLINA301389,0000000000,893530305243668218,272039104416996
0SIMONLINA301390,0000000000,893530305243668219,272039104416997
0SIMONLINA301391,0000000000,893530305243668220,272039104416998
0SIMONLINA301392,0000000000,893530305243668221,272039104416999
0SIMONLINA301393,0000000000,893530305243668222,272039104417000
0SIMONLINA301394,0000000000,893530305243668223,272039104417001
0SIMONLINA301395,0000000000,893530305243668224,272039104417002
0SIMONLINA301396,0000000000,893530305243668225,272039104417003
0SIMONLINA301397,0000000000,893530305243668226,272039104417004
0SIMONLINA301398,0000000000,893530305243668227,272039104417005
0SIMONLINA301399,0000000000,893530305243668228,272039104417006
0SIMONLINA301400,0000000000,893530305243668229,272039104417007
0SIMONLINA301401,0000000000,893530305243668230,272039104417008
0SIMONLINA301402,0000000000,893530305243668231,272039104417009
0SIMONLINA301403,0000000000,893530305243668232,272039104417010
0SIMONLINA301404,0000000000,893530305243668233,272039104417011
0SIMONLINA301405,0000000000,893530305243668234,272039104417012
0SIMONLINA301406,0000000000,893530305243668235,272039104417013
0SIMONLINA301407,0000000000,893530305243668236,272039104417014
0SIMONLINA301408,0000000000,893530305243668237,272039104417015
0SIMONLINA301409,0000000000,893530305243668238,272039104417016
0SIMONLINA301410,0000000000,893530305243668239,272039104417017
0SIMONLINA301411,0000000000,893530305243668240,272039104417018
0SIMONLINA301412,0000000000,893530305243668241,272039104417019
0SIMONLINA301413,0000000000,893530305243668242,272039104417020
0SIMONLINA301414,0000000000,893530305243668243,272039104417021
0SIMONLINA301415,0000000000,893530305243668244,272039104417022
0SIMONLINA301416,0000000000,893530305243668245,272039104417023
0SIMONLINA301417,0000000000,893530305243668246,272039104417024
0SIMONLINA301418,0000000000,893530305243668247,272039104417025
0SIMONLINA301419,0000000000,893530305243668248,272039104417026
0SIMONLINA301420,0000000000,893530305243668249,272039104417027
0SIMONLINA301421,0000000000,893530305243668250,272039104417028
0SIMONLINA301422,0000000000,893530305243668251,272039104417029
0SIMONLINA301423,0000000000,893530305243668252,272039104417030
0SIMONLINA301424,0000000000,893530305243668253,272039104417031
0SIMONLINA301425,0000000000,893530305243668254,272039104417032
0SIMONLINA301426,0000000000,893530305243668255,272039104417033
0SIMONLINA301427,0000000000,893530305243668256,272039104417034
0SIMONLINA301428,0000000000,893530305243668257,272039104417035
0SIMONLINA301429,0000000000,893530305243668258,272039104417036
0SIMONLINA301430,0000000000,893530305243668259,272039104417037
0SIMONLINA301431,0000000000,893530305243668260,272039104417038
0SIMONLINA301432,0000000000,893530305243668261,272039104417039
0SIMONLINA301433,0000000000,893530305243668262,272039104417040
0SIMONLINA301434,0000000000,893530305243668263,272039104417041
0SIMONLINA301435,0000000000,893530305243668264,272039104417042
0SIMONLINA301436,0000000000,893530305243668265,272039104417043
0SIMONLINA301437,0000000000,893530305243668266,272039104417044
0SIMONLINA301438,0000000000,893530305243668267,272039104417045
0SIMONLINA301439,0000000000,893530305243668268,272039104417046
0SIMONLINA301440,0000000000,893530305243668269,272039104417047
0SIMONLINA301441,0000000000,893530305243668270,272039104417048