1SIMIONFT8010448,0853490448,893530305243667348,272039149301499
1SIMIONFT8010449,0853490449,893530305243667349,272039149301500
1SIMIONFT8010450,0853490450,893530305243667350,272039149301501
1SIMIONFT8010451,0853490451,893530305243667351,272039149301502
1SIMIONFT8010452,0853490452,893530305243667352,272039149301503
1SIMIONFT8010453,0853490453,893530305243667353,272039149301504
1SIMIONFT8010454,0853490454,893530305243667354,272039149301505
1SIMIONFT8010455,0853490455,893530305243667355,272039149301506
1SIMIONFT8010456,0853490456,893530305243667356,272039149301507
1SIMIONFT8010457,0853490457,893530305243667357,272039149301508
1SIMIONFT8010458,0853490458,893530305243667358,272039149301509
1SIMIONFT8010459,0853490459,893530305243667359,272039149301510
1SIMIONFT8010460,0853490460,893530305243667360,272039149301511
1SIMIONFT8010461,0853490461,893530305243667361,272039149301512
1SIMIONFT8010462,0853490462,893530305243667362,272039149301513
1SIMIONFT8010463,0853490463,893530305243667363,272039149301514
1SIMIONFT8010464,0853490464,893530305243667364,272039149301515
1SIMIONFT8010465,0853490466,893530305243667366,272039149301517
1SIMIONFT8010466,0853490465,893530305243667365,272039149301516
1SIMIONFT8010467,0853490467,893530305243667367,272039149301518
1SIMIONFT8010468,0853490468,893530305243667368,272039149301519
1SIMIONFT8010469,0853490469,893530305243667369,272039149301520
1SIMIONFT8010470,0853490470,893530305243667370,272039149301521
1SIMIONFT8010471,0853490471,893530305243667371,272039149301522
1SIMIONFT8010472,0853490472,893530305243667372,272039149301523
1SIMIONFT8010473,0853490473,893530305243667373,272039149301524
1SIMIONFT8010474,0853490474,893530305243667374,272039149301525
1SIMIONFT8010475,0853490475,893530305243667375,272039149301526
1SIMIONFT8010476,0853490476,893530305243667376,272039149301527
1SIMIONFT8010477,0853490478,893530305243667378,272039149301529
1SIMIONFT8010478,0853490477,893530305243667377,272039149301528
1SIMIONFT8010479,0853490479,893530305243667379,272039149301530
1SIMIONFT8010480,0853490480,893530305243667380,272039149301531
1SIMIONFT8010481,0853490481,893530305243667381,272039149301532
1SIMIONFT8010482,0853490482,893530305243667382,272039149301533
1SIMIONFT8010483,0853490483,893530305243667383,272039149301534
1SIMIONFT8010484,0853490484,893530305243667384,272039149301535
1SIMIONFT8010485,0853490485,893530305243667385,272039149301536
1SIMIONFT8010486,0853490487,893530305243667387,272039149301538
1SIMIONFT8010487,0853490486,893530305243667386,272039149301537
1SIMIONFT8010488,0853490488,893530305243667388,272039149301539
1SIMIONFT8010489,0853490489,893530305243667389,272039149301540
1SIMIONFT8010490,0853490490,893530305243667390,272039149301541
1SIMIONFT8010491,0853490491,893530305243667391,272039149301542
1SIMIONFT8010492,0853490492,893530305243667392,272039149301543
1SIMIONFT8010493,0853490493,893530305243667393,272039149301544
1SIMIONFT8010494,0853490494,893530305243667394,272039149301545
1SIMIONFT8010495,0853490495,893530305243667395,272039149301546
1SIMIONFT8010496,0853490496,893530305243667396,272039149301547
1SIMIONFT8010497,0853490497,893530305243667397,272039149301548
1SIMIONFT8010498,0853490498,893530305243667398,272039149301549