2SIMREPBE273547,0000000000,893530305243660858,272039100986970
2SIMREPBE273548,0000000000,893530305243660859,272039100986971
2SIMREPBE273549,0000000000,893530305243660860,272039100986972
2SIMREPBE273550,0000000000,893530305243660861,272039100986973
2SIMREPBE273551,0000000000,893530305243660862,272039100986974
2SIMREPBE273552,0000000000,893530305243660863,272039100986975
2SIMREPBE273554,0000000000,893530305243660864,272039100986976
2SIMREPBE273553,0000000000,893530305243660865,272039100986977
2SIMREPBE273555,0000000000,893530305243660866,272039100986978
2SIMREPBE273556,0000000000,893530305243660867,272039100986979
2SIMREPBE273557,0000000000,893530305243660868,272039100986980
2SIMREPBE273559,0000000000,893530305243660869,272039100986981
2SIMREPBE273558,0000000000,893530305243660870,272039100986982
2SIMREPBE273560,0000000000,893530305243660871,272039100986983
2SIMREPBE273563,0000000000,893530305243660872,272039100986984
2SIMREPBE273561,0000000000,893530305243660873,272039100986985
2SIMREPBE273562,0000000000,893530305243660874,272039100986986
2SIMREPBE273565,0000000000,893530305243660875,272039100986987
2SIMREPBE273564,0000000000,893530305243660876,272039100986988
2SIMREPBE273566,0000000000,893530305243660877,272039100986989
2SIMREPBE273567,0000000000,893530305243660878,272039100986990
2SIMREPBE273568,0000000000,893530305243660879,272039100986991
2SIMREPBE273569,0000000000,893530305243660880,272039100986992
2SIMREPBE273570,0000000000,893530305243660881,272039100986993
2SIMREPBE273572,0000000000,893530305243660882,272039100986994