0SIMUMBBE0150081,0851870069,893530305243664257,272039108015677
0SIMUMBBE0150082,0851870068,893530305243664256,272039108015676
0SIMUMBBE0150083,0851870084,893530305243664272,272039108015692
0SIMUMBBE0150084,0851870051,893530305243664239,272039108015659
0SIMUMBBE0150085,0851870056,893530305243664244,272039108015664
0SIMUMBBE0150086,0851870059,893530305243664247,272039108015667
0SIMUMBBE0150090,0851870065,893530305243664253,272039108015673
0SIMUMBBE0150091,0851870092,893530305243664280,272039108015700
0SIMUMBBE0150092,0851870072,893530305243664260,272039108015680
0SIMUMBBE0150093,0851870080,893530305243664268,272039108015688
0SIMUMBBE0150094,0851870093,893530305243664281,272039108015701
0SIMUMBBE0150095,0851870073,893530305243664261,272039108015681
0SIMUMBBE0150096,0851870075,893530305243664263,272039108015683
0SIMUMBBE0150097,0851870094,893530305243664282,272039108015702
0SIMUMBBE0150098,0851870052,893530305243664240,272039108015660
0SIMUMBBE0150099,0851870095,893530305243664283,272039108015703
0SIMUMBBE0150100,0851870076,893530305243664264,272039108015684
0SIMUMBBE0150101,0851870103,893530305243664291,272039108015711
0SIMUMBBE0150102,0851870127,893530305243664315,272039108015735
0SIMUMBBE0150103,0851870106,893530305243664294,272039108015714
0SIMUMBBE0150104,0851870104,893530305243664292,272039108015712
0SIMUMBBE0150105,0851870123,893530305243664311,272039108015731
0SIMUMBBE0150106,0851870108,893530305243664296,272039108015716
0SIMUMBBE0150107,0851870120,893530305243664308,272039108015728
0SIMUMBBE0150108,0851870116,893530305243664304,272039108015724
0SIMUMBBE0150109,0851870142,893530305243664330,272039108015750
0SIMUMBBE0150110,0851870119,893530305243664307,272039108015727
0SIMUMBBE0150111,0851870130,893530305243664318,272039108015738
0SIMUMBBE0150112,0851870131,893530305243664319,272039108015739