6SIMBUSLE273293,0854800621,893530305243660604,272039100986716
6SIMBUSLE273294,0854800622,893530305243660605,272039100986717
6SIMBUSLE273296,0854800623,893530305243660606,272039100986718
6SIMBUSLE273295,0854800624,893530305243660607,272039100986719
6SIMBUSLE273297,0854800625,893530305243660608,272039100986720
6SIMBUSLE273298,0854800626,893530305243660609,272039100986721
6SIMBUSLE273299,0854800627,893530305243660610,272039100986722
6SIMBUSLE273300,0854800628,893530305243660611,272039100986723
6SIMBUSLE273301,0854800629,893530305243660612,272039100986724
6SIMBUSLE273302,0854800630,893530305243660613,272039100986725
6SIMBUSLE273303,0854800631,893530305243660614,272039100986726
6SIMBUSLE273304,0854800632,893530305243660615,272039100986727
6SIMBUSLE273305,0854800633,893530305243660616,272039100986728
6SIMBUSLE273306,0854800634,893530305243660617,272039100986729
6SIMBUSLE273307,0854800635,893530305243660618,272039100986730
6SIMBUSLE273308,0854800636,893530305243660619,272039100986731
6SIMBUSLE273309,0854800637,893530305243660620,272039100986732
6SIMBUSLE273310,0854800638,893530305243660621,272039100986733
6SIMBUSLE273311,0854800639,893530305243660622,272039100986734
6SIMBUSLE273313,0854800640,893530305243660623,272039100986735
6SIMBUSLE273312,0854800641,893530305243660624,272039100986736
6SIMBUSLE273314,0854800642,893530305243660625,272039100986737
6SIMBUSLE273315,0854800643,893530305243660626,272039100986738
6SIMBUSLE273316,0854800644,893530305243660627,272039100986739
6SIMBUSLE273317,0854800645,893530305243660628,272039100986740
6SIMBUSLE273318,0854800646,893530305243660629,272039100986741
6SIMBUSLE273319,0854800647,893530305243660630,272039100986742
6SIMBUSLE273320,0854800648,893530305243660631,272039100986743
6SIMBUSLE273322,0854800649,893530305243660632,272039100986744
6SIMBUSLE273321,0854800650,893530305243660633,272039100986745
6SIMBUSLE273323,0854800651,893530305243660634,272039100986746
6SIMBUSLE273324,0854800652,893530305243660635,272039100986747
6SIMBUSLE273326,0854800653,893530305243660636,272039100986748
6SIMBUSLE273325,0854800654,893530305243660637,272039100986749
6SIMBUSLE273327,0854800655,893530305243660638,272039100986750
6SIMBUSLE273328,0854800656,893530305243660639,272039100986751
6SIMBUSLE273329,0854800657,893530305243660640,272039100986752
6SIMBUSLE273332,0854800658,893530305243660641,272039100986753
6SIMBUSLE273330,0854800659,893530305243660642,272039100986754
6SIMBUSLE273331,0854800660,893530305243660643,272039100986755
6SIMBUSLE273333,0854800661,893530305243660644,272039100986756
6SIMBUSLE273335,0854800662,893530305243660645,272039100986757
6SIMBUSLE273334,0854800663,893530305243660646,272039100986758
6SIMBUSLE273336,0854800664,893530305243660647,272039100986759
6SIMBUSLE273337,0854800665,893530305243660648,272039100986760
6SIMBUSLE273338,0854800666,893530305243660649,272039100986761
6SIMBUSLE273339,0854800667,893530305243660650,272039100986762
6SIMBUSLE273340,0854800668,893530305243660651,272039100986763
6SIMBUSLE273341,0854800669,893530305243660652,272039100986764
6SIMBUSLE273342,0854800670,893530305243660653,272039100986765
6SIMBUSLE273343,0854800671,893530305243660654,272039100986766
6SIMBUSLE273344,0854800672,893530305243660655,272039100986767
6SIMBUSLE273345,0854800673,893530305243660656,272039100986768
6SIMBUSLE273346,0854800674,893530305243660657,272039100986769
6SIMBUSLE273347,0854800675,893530305243660658,272039100986770
6SIMBUSLE273348,0854800676,893530305243660659,272039100986771
6SIMBUSLE273349,0854800677,893530305243660660,272039100986772
6SIMBUSLE273350,0854800678,893530305243660661,272039100986773
6SIMBUSLE273351,0854800679,893530305243660662,272039100986774
6SIMBUSLE273352,0854800680,893530305243660663,272039100986775
6SIMBUSLE273353,0854800681,893530305243660664,272039100986776
6SIMBUSLE273354,0854800682,893530305243660665,272039100986777
6SIMBUSLE273355,0854800683,893530305243660666,272039100986778
6SIMBUSLE273356,0854800684,893530305243660667,272039100986779
6SIMBUSLE273357,0854800685,893530305243660668,272039100986780
6SIMBUSLE273358,0854800686,893530305243660669,272039100986781
6SIMBUSLE273359,0854800687,893530305243660670,272039100986782
6SIMBUSLE273360,0854800688,893530305243660671,272039100986783
6SIMBUSLE273361,0854800689,893530305243660672,272039100986784
6SIMBUSLE273362,0854800690,893530305243660673,272039100986785
6SIMBUSLE273363,0854800691,893530305243660674,272039100986786
6SIMBUSLE273364,0854800692,893530305243660675,272039100986787
6SIMBUSLE273365,0854800693,893530305243660676,272039100986788
6SIMBUSLE273366,0854800694,893530305243660677,272039100986789
6SIMBUSLE273367,0854800695,893530305243660678,272039100986790
6SIMBUSLE273368,0854800696,893530305243660679,272039100986791
6SIMBUSLE273369,0854800697,893530305243660680,272039100986792
6SIMBUSLE273370,0854800698,893530305243660681,272039100986793
6SIMBUSLE273371,0854800699,893530305243660682,272039100986794
6SIMBUSLE273372,0854800700,893530305243660683,272039100986795
6SIMBUSLE273373,0854800701,893530305243660684,272039100986796
6SIMBUSLE273374,0854800702,893530305243660685,272039100986797
6SIMBUSLE273376,0854800703,893530305243660686,272039100986798
6SIMBUSLE273375,0854800704,893530305243660687,272039100986799
6SIMBUSLE273377,0854800705,893530305243660688,272039100986800
6SIMBUSLE273378,0854800706,893530305243660689,272039100986801
6SIMBUSLE273380,0854800707,893530305243660690,272039100986802
6SIMBUSLE273379,0854800708,893530305243660691,272039100986803
6SIMBUSLE273381,0854800709,893530305243660692,272039100986804
6SIMBUSLE273382,0854800710,893530305243660693,272039100986805
6SIMBUSLE273383,0854800711,893530305243660694,272039100986806
6SIMBUSLE273384,0854800712,893530305243660695,272039100986807
6SIMBUSLE273385,0854800713,893530305243660696,272039100986808
6SIMBUSLE273386,0854800714,893530305243660697,272039100986809
6SIMBUSLE273388,0854800715,893530305243660698,272039100986810
6SIMBUSLE273387,0854800716,893530305243660699,272039100986811
6SIMBUSLE273390,0854800717,893530305243660700,272039100986812
6SIMBUSLE273389,0854800718,893530305243660701,272039100986813
6SIMBUSLE273391,0854800719,893530305243660702,272039100986814
6SIMBUSLE273392,0854800720,893530305243660703,272039100986815
6SIMBUSLE273393,0854800721,893530305243660704,272039100986816
6SIMBUSLE273394,0854800722,893530305243660705,272039100986817
6SIMBUSLE273397,0854800723,893530305243660706,272039100986818
6SIMBUSLE273395,0854800724,893530305243660707,272039100986819
6SIMBUSLE273396,0854800725,893530305243660708,272039100986820
6SIMBUSLE273398,0854800726,893530305243660709,272039100986821
6SIMBUSLE273399,0854800727,893530305243660710,272039100986822
6SIMBUSLE273400,0854800728,893530305243660711,272039100986823
6SIMBUSLE273401,0854800729,893530305243660712,272039100986824
6SIMBUSLE273403,0854800730,893530305243660713,272039100986825
6SIMBUSLE273402,0854800731,893530305243660714,272039100986826
6SIMBUSLE273404,0854800732,893530305243660715,272039100986827
6SIMBUSLE273406,0854800733,893530305243660716,272039100986828
6SIMBUSLE273405,0854800734,893530305243660717,272039100986829
6SIMBUSLE273407,0854800735,893530305243660718,272039100986830
6SIMBUSLE273409,0854800736,893530305243660719,272039100986831
6SIMBUSLE273408,0854800737,893530305243660720,272039100986832
6SIMBUSLE273411,0854800738,893530305243660721,272039100986833
6SIMBUSLE273410,0854800739,893530305243660722,272039100986834
6SIMBUSLE273412,0854800740,893530305243660723,272039100986835
6SIMBUSLE273413,0854800741,893530305243660724,272039100986836
6SIMBUSLE273414,0854800742,893530305243660725,272039100986837
6SIMBUSLE273415,0854800743,893530305243660726,272039100986838
6SIMBUSLE273416,0854800744,893530305243660727,272039100986839
6SIMBUSLE273417,0854800745,893530305243660728,272039100986840
6SIMBUSLE273418,0854800746,893530305243660729,272039100986841
6SIMBUSLE273419,0854800747,893530305243660730,272039100986842
6SIMBUSLE273420,0854800748,893530305243660731,272039100986843
6SIMBUSLE273421,0854800749,893530305243660732,272039100986844
6SIMBUSLE273422,0854800750,893530305243660733,272039100986845
6SIMBUSLE273423,0854800751,893530305243660734,272039100986846
6SIMBUSLE273424,0854800752,893530305243660735,272039100986847
6SIMBUSLE273427,0854800753,893530305243660736,272039100986848
6SIMBUSLE273425,0854800754,893530305243660737,272039100986849
6SIMBUSLE273426,0854800755,893530305243660738,272039100986850
6SIMBUSLE273428,0854800756,893530305243660739,272039100986851
6SIMBUSLE273429,0854800757,893530305243660740,272039100986852
6SIMBUSLE273430,0854800758,893530305243660741,272039100986853
6SIMBUSLE273432,0854800759,893530305243660742,272039100986854
6SIMBUSLE273431,0854800760,893530305243660743,272039100986855
6SIMBUSLE273433,0854800761,893530305243660744,272039100986856
6SIMBUSLE273434,0854800763,893530305243660746,272039100986858
6SIMBUSLE273436,0854800762,893530305243660745,272039100986857
6SIMBUSLE273435,0854800764,893530305243660747,272039100986859
6SIMBUSLE273438,0854800765,893530305243660748,272039100986860
6SIMBUSLE273437,0854800766,893530305243660749,272039100986861
6SIMBUSLE273439,0854800767,893530305243660750,272039100986862
6SIMBUSLE273440,0854800768,893530305243660751,272039100986863
6SIMBUSLE273441,0854800769,893530305243660752,272039100986864
6SIMBUSLE273442,0854800770,893530305243660753,272039100986865
6SIMBUSLE273443,0854800771,893530305243660754,272039100986866
6SIMBUSLE273444,0854800772,893530305243660755,272039100986867
6SIMBUSLE273445,0854800773,893530305243660756,272039100986868
6SIMBUSLE273447,0854800774,893530305243660757,272039100986869
6SIMBUSLE273446,0854800775,893530305243660758,272039100986870
6SIMBUSLE273448,0854800776,893530305243660759,272039100986871
6SIMBUSLE273449,0854800777,893530305243660760,272039100986872
6SIMBUSLE273451,0854800778,893530305243660761,272039100986873
6SIMBUSLE273450,0854800779,893530305243660762,272039100986874
6SIMBUSLE273452,0854800780,893530305243660763,272039100986875
6SIMBUSLE273454,0854800781,893530305243660764,272039100986876
6SIMBUSLE273453,0854800782,893530305243660765,272039100986877
6SIMBUSLE273455,0854800783,893530305243660766,272039100986878
6SIMBUSLE273456,0854800784,893530305243660767,272039100986879
6SIMBUSLE273457,0854800785,893530305243660768,272039100986880
6SIMBUSLE273458,0854800786,893530305243660769,272039100986881
6SIMBUSLE273459,0854800787,893530305243660770,272039100986882
6SIMBUSLE273460,0854800788,893530305243660771,272039100986883
6SIMBUSLE273461,0854800789,893530305243660772,272039100986884
6SIMBUSLE273462,0854800790,893530305243660773,272039100986885
6SIMBUSLE273463,0854800791,893530305243660774,272039100986886
6SIMBUSLE273464,0854800792,893530305243660775,272039100986887
6SIMBUSLE273465,0854800793,893530305243660776,272039100986888
6SIMBUSLE273466,0854800794,893530305243660777,272039100986889
6SIMBUSLE273467,0854800795,893530305243660778,272039100986890
6SIMBUSLE273468,0854800796,893530305243660779,272039100986891
6SIMBUSLE273469,0854800797,893530305243660780,272039100986892
6SIMBUSLE273470,0854800798,893530305243660781,272039100986893
6SIMBUSLE273471,0854800799,893530305243660782,272039100986894
6SIMBUSLE273472,0854800800,893530305243660783,272039100986895
6SIMBUSLE273473,0854800801,893530305243660784,272039100986896
6SIMBUSLE273474,0854800802,893530305243660785,272039100986897
6SIMBUSLE273475,0854800803,893530305243660786,272039100986898
6SIMBUSLE273476,0854800804,893530305243660787,272039100986899
6SIMBUSLE273477,0854800805,893530305243660788,272039100986900
6SIMBUSLE273478,0854800806,893530305243660789,272039100986901
6SIMBUSLE273479,0854800807,893530305243660790,272039100986902
6SIMBUSLE273480,0854800808,893530305243660791,272039100986903
6SIMBUSLE273482,0854800809,893530305243660792,272039100986904
6SIMBUSLE273481,0854800810,893530305243660793,272039100986905
6SIMBUSLE273483,0854800811,893530305243660794,272039100986906
6SIMBUSLE273485,0854800812,893530305243660795,272039100986907
6SIMBUSLE273484,0854800813,893530305243660796,272039100986908
6SIMBUSLE273487,0854800814,893530305243660797,272039100986909
6SIMBUSLE273486,0854800815,893530305243660798,272039100986910
6SIMBUSLE273488,0854800816,893530305243660799,272039100986911
6SIMBUSLE273489,0854800817,893530305243660800,272039100986912
6SIMBUSLE273491,0854800818,893530305243660801,272039100986913
6SIMBUSLE273490,0854800819,893530305243660802,272039100986914
6SIMBUSLE273492,0854800820,893530305243660803,272039100986915
6SIMBUSLE273493,0854800821,893530305243660804,272039100986916
6SIMBUSLE273494,0854800822,893530305243660805,272039100986917
6SIMBUSLE273495,0854800823,893530305243660806,272039100986918
6SIMBUSLE273496,0854800824,893530305243660807,272039100986919
6SIMBUSLE273497,0854800825,893530305243660808,272039100986920
6SIMBUSLE273498,0854800826,893530305243660809,272039100986921
6SIMBUSLE273499,0854800827,893530305243660810,272039100986922
6SIMBUSLE273500,0854800828,893530305243660811,272039100986923
6SIMBUSLE273501,0854800829,893530305243660812,272039100986924
6SIMBUSLE273503,0854800830,893530305243660813,272039100986925
6SIMBUSLE273502,0854800831,893530305243660814,272039100986926
6SIMBUSLE273504,0854800832,893530305243660815,272039100986927
6SIMBUSLE273505,0854800833,893530305243660816,272039100986928
6SIMBUSLE273506,0854800834,893530305243660817,272039100986929
6SIMBUSLE273507,0854800835,893530305243660818,272039100986930
6SIMBUSLE273508,0854800836,893530305243660819,272039100986931
6SIMBUSLE273509,0854800837,893530305243660820,272039100986932
6SIMBUSLE273510,0854800838,893530305243660821,272039100986933
6SIMBUSLE273511,0854800839,893530305243660822,272039100986934
6SIMBUSLE273512,0854800840,893530305243660823,272039100986935
6SIMBUSLE273513,0854800841,893530305243660824,272039100986936
6SIMBUSLE273515,0854800842,893530305243660825,272039100986937
6SIMBUSLE273514,0854800843,893530305243660826,272039100986938
6SIMBUSLE273516,0854800844,893530305243660827,272039100986939
6SIMBUSLE273517,0854800845,893530305243660828,272039100986940
6SIMBUSLE273519,0854800846,893530305243660829,272039100986941
6SIMBUSLE273518,0854800847,893530305243660830,272039100986942
6SIMBUSLE273521,0854800848,893530305243660831,272039100986943
6SIMBUSLE273520,0854800849,893530305243660832,272039100986944