0SIMUMBBE1801254,0854820190,893530305243661173,272039120501076
0SIMUMBBE1801255,0854820102,893530305243661085,272039120500988
0SIMUMBBE1801256,0854820104,893530305243661087,272039120500990
0SIMUMBBE1801257,0854820195,893530305243661178,272039120501081
0SIMUMBBE1801258,0854820154,893530305243661137,272039120501040
0SIMUMBBE1801259,0854820158,893530305243661141,272039120501044
0SIMUMBBE1801260,0854820174,893530305243661157,272039120501060
0SIMUMBBE1801261,0854820167,893530305243661150,272039120501053
0SIMUMBBE1801262,0854820125,893530305243661108,272039120501011
0SIMUMBBE1801263,0854820133,893530305243661116,272039120501019
0SIMUMBBE1801264,0854820175,893530305243661158,272039120501061
0SIMUMBBE1801265,0854820178,893530305243661161,272039120501064
0SIMUMBBE1801266,0854820182,893530305243661165,272039120501068
0SIMUMBBE1801267,0854820161,893530305243661144,272039120501047
0SIMUMBBE1801268,0854820146,893530305243661129,272039120501032
0SIMUMBBE1801269,0854820142,893530305243661125,272039120501028
0SIMUMBBE1801270,0854820198,893530305243661181,272039120501084
0SIMUMBBE1801271,0854820100,893530305243661083,272039120500986
0SIMUMBBE1801272,0854820109,893530305243661092,272039120500995
0SIMUMBBE1801273,0854820117,893530305243661100,272039120501003
0SIMUMBBE1801274,0854820165,893530305243661148,272039120501051
0SIMUMBBE1801275,0854820180,893530305243661163,272039120501066
0SIMUMBBE1801276,0854820169,893530305243661152,272039120501055
0SIMUMBBE1801277,0854820171,893530305243661154,272039120501057
0SIMUMBBE1801278,0854820128,893530305243661111,272039120501014
0SIMUMBBE1801279,0854820131,893530305243661114,272039120501017
0SIMUMBBE1801280,0854820134,893530305243661117,272039120501020
0SIMUMBBE1801281,0854820137,893530305243661120,272039120501023
0SIMUMBBE1801282,0854820140,893530305243661123,272039120501026
0SIMUMBBE1801283,0854820149,893530305243661132,272039120501035
0SIMUMBBE1801284,0854820152,893530305243661135,272039120501038
0SIMUMBBE1801285,0854820108,893530305243661091,272039120500994
0SIMUMBBE1801286,0854820111,893530305243661094,272039120500997
0SIMUMBBE1801287,0854820114,893530305243661097,272039120501000
0SIMUMBBE1801288,0854820116,893530305243661099,272039120501002
0SIMUMBBE1801289,0854820164,893530305243661147,272039120501050