0SIMUPREE0360072,0853460096,893530305243664579,272039120502982
0SIMUPREE0360073,0853460097,893530305243664580,272039120502983
0SIMUPREE0360074,0853460088,893530305243664571,272039120502974
0SIMUPREE0360075,0853460063,893530305243664546,272039120502949
0SIMUPREE0360076,0853460090,893530305243664573,272039120502976
0SIMUPREE0360077,0853460072,893530305243664555,272039120502958
0SIMUPREE0360078,0853460091,893530305243664574,272039120502977
0SIMUPREE0360079,0853460060,893530305243664543,272039120502946
0SIMUPREE0360080,0853460057,893530305243664540,272039120502943
0SIMUPREE0360081,0853460086,893530305243664569,272039120502972
0SIMUPREE0360082,0853460066,893530305243664549,272039120502952
0SIMUPREE0360083,0853460089,893530305243664572,272039120502975
0SIMUPREE0360084,0853460050,893530305243664533,272039120502936
0SIMUPREE0360085,0853460051,893530305243664534,272039120502937
0SIMUPREE0360086,0853460077,893530305243664560,272039120502963
0SIMUPREE0360087,0853460052,893530305243664535,272039120502938
0SIMUPREE0360088,0853460080,893530305243664563,272039120502966
0SIMUPREE0360089,0853460053,893530305243664536,272039120502939
0SIMUPREE0360090,0853460054,893530305243664537,272039120502940
0SIMUPREE0360091,0853460055,893530305243664538,272039120502941
0SIMUPREE0360092,0853460056,893530305243664539,272039120502942
0SIMUPREE0360093,0853460082,893530305243664565,272039120502968
0SIMUPREE0360094,0853460058,893530305243664541,272039120502944
0SIMUPREE0360095,0853460059,893530305243664542,272039120502945
0SIMUPREE0360096,0853460061,893530305243664544,272039120502947
0SIMUPREE0360097,0853460062,893530305243664545,272039120502948
0SIMUPREE0360098,0853460099,893530305243664582,272039120502985
0SIMUPREE0360099,0853460069,893530305243664552,272039120502955
0SIMUPREE0360100,0853460014,893530305243664497,272039120502900
0SIMUPREE0360101,0853460015,893530305243664498,272039120502901
0SIMUPREE0360102,0853460017,893530305243664500,272039120502903
0SIMUPREE0360103,0853460043,893530305243664526,272039120502929
0SIMUPREE0360104,0853460044,893530305243664527,272039120502930
0SIMUPREE0360105,0853460018,893530305243664501,272039120502904
0SIMUPREE0360106,0853460045,893530305243664528,272039120502931
0SIMUPREE0360107,0853460046,893530305243664529,272039120502932
0SIMUPREE0360108,0853460048,893530305243664531,272039120502934
0SIMUPREE0360109,0853460028,893530305243664511,272039120502914
0SIMUPREE0360110,0853460031,893530305243664514,272039120502917
0SIMUPREE0360111,0853460032,893530305243664515,272039120502918
0SIMUPREE0360112,0853460022,893530305243664505,272039120502908
0SIMUPREE0360113,0853460034,893530305243664517,272039120502920
0SIMUPREE0360114,0853460035,893530305243664518,272039120502921
0SIMUPREE0360115,0853460030,893530305243664513,272039120502916
0SIMUPREE0360116,0853460037,893530305243664520,272039120502923
0SIMUPREE0360117,0853460033,893530305243664516,272039120502919
0SIMUPREE0360118,0853460010,893530305243664493,272039120502896
0SIMUPREE0360119,0853460013,893530305243664496,272039120502899
0SIMUPREE0360120,0853460041,893530305243664524,272039120502927
0SIMUPREE0360121,0853460021,893530305243664504,272039120502907
0SIMUPREE0360122,0853460024,893530305243664507,272039120502910
0SIMUPREE0360123,0853460026,893530305243664509,272039120502912
0SIMUPREE0360124,0853460005,893530305243664488,272039120502891
0SIMUPREE0360125,0853460006,893530305243664489,272039120502892
0SIMUPREE0360126,0853460007,893530305243664490,272039120502893
0SIMUPREE0360127,0853460025,893530305243664508,272039120502911
0SIMUPREE0360128,0853460038,893530305243664521,272039120502924
0SIMUPREE0360129,0853460040,893530305243664523,272039120502926
0SIMUPREE0360130,0853460027,893530305243664510,272039120502913
0SIMUPREE0360131,0853460042,893530305243664525,272039120502928
0SIMUPREE0360132,0853460020,893530305243664503,272039120502906
0SIMUPREE0360133,0853460000,893530305243664483,272039120502886
0SIMUPREE0360134,0853460001,893530305243664484,272039120502887
0SIMUPREE0360135,0853460023,893530305243664506,272039120502909
0SIMUPREE0360136,0853460002,893530305243664485,272039120502888
0SIMUPREE0360137,0853460003,893530305243664486,272039120502889
0SIMUPREE0360138,0853460047,893530305243664530,272039120502933
0SIMUPREE0360139,0853460004,893530305243664487,272039120502890
0SIMUPREE0360140,0853460049,893530305243664532,272039120502935
0SIMUPREE0360141,0853460016,893530305243664499,272039120502902
0SIMUPREE0360142,0853460029,893530305243664512,272039120502915
0SIMUPREE0360143,0853460019,893530305243664502,272039120502905
0SIMUPREE0360144,0853460008,893530305243664491,272039120502894
0SIMUPREE0360145,0853460009,893530305243664492,272039120502895
0SIMUPREE0360146,0853460011,893530305243664494,272039120502897
0SIMUPREE0360147,0853460012,893530305243664495,272039120502898
0SIMUPREE0360148,0853460036,893530305243664519,272039120502922