2SIMIONRP172825,0000000000,893530305243664004,272039144005127
2SIMIONRP172826,0000000000,893530305243664005,272039144005128
2SIMIONRP172827,0000000000,893530305243664006,272039144005129
2SIMIONRP172829,0000000000,893530305243664007,272039144005130
2SIMIONRP172828,0000000000,893530305243664008,272039144005131
2SIMIONRP172830,0000000000,893530305243664009,272039144005132
2SIMIONRP172831,0000000000,893530305243664010,272039144005133
2SIMIONRP172832,0000000000,893530305243664011,272039144005134
2SIMIONRP172833,0000000000,893530305243664012,272039144005135
2SIMIONRP172834,0000000000,893530305243664013,272039144005136
2SIMIONRP172835,0000000000,893530305243664014,272039144005137
2SIMIONRP172836,0000000000,893530305243664015,272039144005138
2SIMIONRP172837,0000000000,893530305243664016,272039144005139
2SIMIONRP172838,0000000000,893530305243664017,272039144005140
2SIMIONRP172839,0000000000,893530305243664018,272039144005141
2SIMIONRP172840,0000000000,893530305243664019,272039144005142
2SIMIONRP172842,0000000000,893530305243664020,272039144005143
2SIMIONRP172841,0000000000,893530305243664021,272039144005144
2SIMIONRP172843,0000000000,893530305243664022,272039144005145
2SIMIONRP172844,0000000000,893530305243664023,272039144005146
2SIMIONRP172845,0000000000,893530305243664024,272039144005147
2SIMIONRP172846,0000000000,893530305243664025,272039144005148
2SIMIONRP172847,0000000000,893530305243664026,272039144005149
2SIMIONRP172848,0000000000,893530305243664027,272039144005150
2SIMIONRP172849,0000000000,893530305243664028,272039144005151
2SIMIONRP172850,0000000000,893530305243664029,272039144005152
2SIMIONRP172851,0000000000,893530305243664030,272039144005153
2SIMIONRP172852,0000000000,893530305243664031,272039144005154
2SIMIONRP172853,0000000000,893530305243664032,272039144005155
2SIMIONRP172854,0000000000,893530305243664033,272039144005156
2SIMIONRP172855,0000000000,893530305243664034,272039144005157
2SIMIONRP172856,0000000000,893530305243664035,272039144005158
2SIMIONRP172857,0000000000,893530305243664036,272039144005159
2SIMIONRP172858,0000000000,893530305243664037,272039144005160
2SIMIONRP172859,0000000000,893530305243664038,272039144005161
2SIMIONRP172860,0000000000,893530305243664039,272039144005162
2SIMIONRP172861,0000000000,893530305243664040,272039144005163
2SIMIONRP172862,0000000000,893530305243664041,272039144005164
2SIMIONRP172863,0000000000,893530305243664042,272039144005165
2SIMIONRP172864,0000000000,893530305243664043,272039144005166
2SIMIONRP172865,0000000000,893530305243664044,272039144005167
2SIMIONRP172866,0000000000,893530305243664045,272039144005168
2SIMIONRP172867,0000000000,893530305243664046,272039144005169
2SIMIONRP172868,0000000000,893530305243664047,272039144005170
2SIMIONRP172870,0000000000,893530305243664048,272039144005171
2SIMIONRP172869,0000000000,893530305243664049,272039144005172
2SIMIONRP172871,0000000000,893530305243664050,272039144005173
2SIMIONRP172872,0000000000,893530305243664051,272039144005174
2SIMIONRP172873,0000000000,893530305243664052,272039144005175
2SIMIONRP172874,0000000000,893530305243664053,272039144005176
2SIMIONRP172875,0000000000,893530305243664054,272039144005177
2SIMIONRP172876,0000000000,893530305243664055,272039144005178
2SIMIONRP172877,0000000000,893530305243664056,272039144005179
2SIMIONRP172879,0000000000,893530305243664057,272039144005180
2SIMIONRP172878,0000000000,893530305243664058,272039144005181
2SIMIONRP172880,0000000000,893530305243664059,272039144005182
2SIMIONRP172881,0000000000,893530305243664060,272039144005183
2SIMIONRP172882,0000000000,893530305243664061,272039144005184
2SIMIONRP172883,0000000000,893530305243664062,272039144005185
2SIMIONRP172884,0000000000,893530305243664063,272039144005186
2SIMIONRP172885,0000000000,893530305243664064,272039144005187
2SIMIONRP172886,0000000000,893530305243664065,272039144005188
2SIMIONRP172887,0000000000,893530305243664066,272039144005189
2SIMIONRP172888,0000000000,893530305243664067,272039144005190
2SIMIONRP172889,0000000000,893530305243664068,272039144005191
2SIMIONRP172890,0000000000,893530305243664069,272039144005192
2SIMIONRP172891,0000000000,893530305243664070,272039144005193
2SIMIONRP172892,0000000000,893530305243664071,272039144005194
2SIMIONRP172893,0000000000,893530305243664072,272039144005195
2SIMIONRP172896,0000000000,893530305243664073,272039144005196
2SIMIONRP172894,0000000000,893530305243664074,272039144005197
2SIMIONRP172895,0000000000,893530305243664075,272039144005198
2SIMIONRP172898,0000000000,893530305243664076,272039144005199
2SIMIONRP172897,0000000000,893530305243664077,272039144005200
2SIMIONRP172899,0000000000,893530305243664078,272039144005201
2SIMIONRP172900,0000000000,893530305243664079,272039144005202
2SIMIONRP172901,0000000000,893530305243664080,272039144005203
2SIMIONRP172902,0000000000,893530305243664081,272039144005204
2SIMIONRP172903,0000000000,893530305243664082,272039144005205
2SIMIONRP172904,0000000000,893530305243664083,272039144005206
2SIMIONRP172905,0000000000,893530305243664084,272039144005207
2SIMIONRP172906,0000000000,893530305243664085,272039144005208
2SIMIONRP172907,0000000000,893530305243664086,272039144005209
2SIMIONRP172908,0000000000,893530305243664087,272039144005210
2SIMIONRP172910,0000000000,893530305243664088,272039144005211
2SIMIONRP172909,0000000000,893530305243664089,272039144005212
2SIMIONRP172911,0000000000,893530305243664090,272039144005213
2SIMIONRP172912,0000000000,893530305243664091,272039144005214
2SIMIONRP172913,0000000000,893530305243664092,272039144005215
2SIMIONRP172914,0000000000,893530305243664093,272039144005216
2SIMIONRP172916,0000000000,893530305243664094,272039144005217
2SIMIONRP172915,0000000000,893530305243664095,272039144005218
2SIMIONRP172917,0000000000,893530305243664096,272039144005219
2SIMIONRP172918,0000000000,893530305243664097,272039144005220
2SIMIONRP172919,0000000000,893530305243664098,272039144005221
2SIMIONRP172920,0000000000,893530305243664099,272039144005222
2SIMIONRP172921,0000000000,893530305243664100,272039144005223
2SIMIONRP172923,0000000000,893530305243664101,272039144005224
2SIMIONRP172922,0000000000,893530305243664102,272039144005225
2SIMIONRP172924,0000000000,893530305243664103,272039144005226
2SIMIONRP172925,0000000000,893530305243664104,272039144005227
2SIMIONRP172926,0000000000,893530305243664105,272039144005228
2SIMIONRP172927,0000000000,893530305243664106,272039144005229
2SIMIONRP172928,0000000000,893530305243664107,272039144005230
2SIMIONRP172929,0000000000,893530305243664108,272039144005231
2SIMIONRP172930,0000000000,893530305243664109,272039144005232
2SIMIONRP172931,0000000000,893530305243664110,272039144005233
2SIMIONRP172932,0000000000,893530305243664111,272039144005234
2SIMIONRP172933,0000000000,893530305243664112,272039144005235
2SIMIONRP172934,0000000000,893530305243664113,272039144005236
2SIMIONRP172935,0000000000,893530305243664114,272039144005237
2SIMIONRP172936,0000000000,893530305243664115,272039144005238
2SIMIONRP172937,0000000000,893530305243664116,272039144005239
2SIMIONRP172938,0000000000,893530305243664117,272039144005240
2SIMIONRP172803,0000000000,893530305243664118,272039144005241
2SIMIONRP172804,0000000000,893530305243664119,272039144005242
2SIMIONRP172806,0000000000,893530305243664120,272039144005243
2SIMIONRP172807,0000000000,893530305243664121,272039144005244
2SIMIONRP172808,0000000000,893530305243664122,272039144005245
2SIMIONRP172810,0000000000,893530305243664123,272039144005246
2SIMIONRP172809,0000000000,893530305243664124,272039144005247
2SIMIONRP172811,0000000000,893530305243664125,272039144005248
2SIMIONRP172813,0000000000,893530305243664126,272039144005249
2SIMIONRP172812,0000000000,893530305243664127,272039144005250
2SIMIONRP172814,0000000000,893530305243664128,272039144005251
2SIMIONRP172816,0000000000,893530305243664129,272039144005252
2SIMIONRP172815,0000000000,893530305243664130,272039144005253
2SIMIONRP172817,0000000000,893530305243664131,272039144005254
2SIMIONRP172820,0000000000,893530305243664132,272039144005255
2SIMIONRP172818,0000000000,893530305243664133,272039144005256
2SIMIONRP172819,0000000000,893530305243664134,272039144005257
2SIMIONRP172821,0000000000,893530305243664135,272039144005258
2SIMIONRP172822,0000000000,893530305243664136,272039144005259
2SIMIONRP172823,0000000000,893530305243664137,272039144005260
2SIMIONRP172824,0000000000,893530305243664138,272039144005261
2SIMIONRP172825,0000000000,893530305243664139,272039144005262
2SIMIONRP172826,0000000000,893530305243664140,272039144005263
2SIMIONRP172827,0000000000,893530305243664141,272039144005264
2SIMIONRP172829,0000000000,893530305243664142,272039144005265
2SIMIONRP172828,0000000000,893530305243664143,272039144005266
2SIMIONRP172830,0000000000,893530305243664144,272039144005267
2SIMIONRP172831,0000000000,893530305243664145,272039144005268
2SIMIONRP172832,0000000000,893530305243664146,272039144005269
2SIMIONRP172833,0000000000,893530305243664147,272039144005270
2SIMIONRP172834,0000000000,893530305243664148,272039144005271
2SIMIONRP172835,0000000000,893530305243664149,272039144005272
2SIMIONRP172836,0000000000,893530305243664150,272039144005273
2SIMIONRP172837,0000000000,893530305243664151,272039144005274
2SIMIONRP172838,0000000000,893530305243664152,272039144005275
2SIMIONRP172839,0000000000,893530305243664153,272039144005276
2SIMIONRP172840,0000000000,893530305243664154,272039144005277
2SIMIONRP172842,0000000000,893530305243664155,272039144005278
2SIMIONRP172841,0000000000,893530305243664156,272039144005279
2SIMIONRP172843,0000000000,893530305243664157,272039144005280
2SIMIONRP172844,0000000000,893530305243664158,272039144005281
2SIMIONRP172845,0000000000,893530305243664159,272039144005282
2SIMIONRP172846,0000000000,893530305243664160,272039144005283
2SIMIONRP172847,0000000000,893530305243664161,272039144005284
2SIMIONRP172848,0000000000,893530305243664162,272039144005285
2SIMIONRP172849,0000000000,893530305243664163,272039144005286
2SIMIONRP172850,0000000000,893530305243664164,272039144005287
2SIMIONRP172851,0000000000,893530305243664165,272039144005288
2SIMIONRP172852,0000000000,893530305243664166,272039144005289
2SIMIONRP172853,0000000000,893530305243664167,272039144005290
2SIMIONRP172854,0000000000,893530305243664168,272039144005291
2SIMIONRP172855,0000000000,893530305243664169,272039144005292
2SIMIONRP172856,0000000000,893530305243664170,272039144005293
2SIMIONRP172857,0000000000,893530305243664171,272039144005294
2SIMIONRP172858,0000000000,893530305243664172,272039144005295
2SIMIONRP172859,0000000000,893530305243664173,272039144005296
2SIMIONRP172860,0000000000,893530305243664174,272039144005297
2SIMIONRP172861,0000000000,893530305243664175,272039144005298
2SIMIONRP172862,0000000000,893530305243664176,272039144005299
2SIMIONRP172863,0000000000,893530305243664177,272039144005300
2SIMIONRP172864,0000000000,893530305243664178,272039144005301
2SIMIONRP172865,0000000000,893530305243664179,272039144005302
2SIMIONRP172866,0000000000,893530305243664180,272039144005303
2SIMIONRP172867,0000000000,893530305243664181,272039144005304
2SIMIONRP172868,0000000000,893530305243664182,272039144005305
2SIMIONRP172870,0000000000,893530305243664183,272039144005306
2SIMIONRP172869,0000000000,893530305243664184,272039144005307
2SIMIONRP172871,0000000000,893530305243664185,272039144005308
2SIMIONRP172872,0000000000,893530305243664186,272039144005309
2SIMIONRP172873,0000000000,893530305243664187,272039144005310
2SIMIONRP172874,0000000000,893530305243664188,272039144005311
2SIMIONRP172875,0000000000,893530305243664189,272039144005312
2SIMIONRP172876,0000000000,893530305243664190,272039144005313
2SIMIONRP172877,0000000000,893530305243664191,272039144005314
2SIMIONRP172879,0000000000,893530305243664192,272039144005315
2SIMIONRP172878,0000000000,893530305243664193,272039144005316
2SIMIONRP172880,0000000000,893530305243664194,272039144005317
2SIMIONRP172881,0000000000,893530305243664195,272039144005318
2SIMIONRP172882,0000000000,893530305243664196,272039144005319
2SIMIONRP172883,0000000000,893530305243664197,272039144005320
2SIMIONRP172884,0000000000,893530305243664198,272039144005321
2SIMIONRP172885,0000000000,893530305243664199,272039144005322
2SIMIONRP172886,0000000000,893530305243664200,272039144005323
2SIMIONRP172887,0000000000,893530305243664201,272039144005324
2SIMIONRP172888,0000000000,893530305243664202,272039144005325
2SIMIONRP172889,0000000000,893530305243664203,272039144005326
2SIMIONRP172890,0000000000,893530305243664204,272039144005327
2SIMIONRP172891,0000000000,893530305243664205,272039144005328
2SIMIONRP172892,0000000000,893530305243664206,272039144005329
2SIMIONRP172893,0000000000,893530305243664207,272039144005330
2SIMIONRP172896,0000000000,893530305243664208,272039144005331
2SIMIONRP172894,0000000000,893530305243664209,272039144005332
2SIMIONRP172895,0000000000,893530305243664210,272039144005333
2SIMIONRP172898,0000000000,893530305243664211,272039144005334
2SIMIONRP172897,0000000000,893530305243664212,272039144005335
2SIMIONRP172899,0000000000,893530305243664213,272039144005336
2SIMIONRP172900,0000000000,893530305243664214,272039144005337
2SIMIONRP172901,0000000000,893530305243664215,272039144005338
2SIMIONRP172902,0000000000,893530305243664216,272039144005339
2SIMIONRP172903,0000000000,893530305243664217,272039144005340
2SIMIONRP172904,0000000000,893530305243664218,272039144005341
2SIMIONRP172905,0000000000,893530305243664219,272039144005342
2SIMIONRP172906,0000000000,893530305243664220,272039144005343
2SIMIONRP172907,0000000000,893530305243664221,272039144005344
2SIMIONRP172908,0000000000,893530305243664222,272039144005345
2SIMIONRP172910,0000000000,893530305243664223,272039144005346
2SIMIONRP172909,0000000000,893530305243664224,272039144005347
2SIMIONRP172911,0000000000,893530305243664225,272039144005348
2SIMIONRP172912,0000000000,893530305243664226,272039144005349
2SIMIONRP172913,0000000000,893530305243664227,272039144005350
2SIMIONRP172914,0000000000,893530305243664228,272039144005351
2SIMIONRP172916,0000000000,893530305243664229,272039144005352
2SIMIONRP172915,0000000000,893530305243664230,272039144005353
2SIMIONRP172917,0000000000,893530305243664231,272039144005354
2SIMIONRP172918,0000000000,893530305243664232,272039144005355
2SIMIONRP172919,0000000000,893530305243664233,272039144005356
2SIMIONRP172920,0000000000,893530305243664234,272039144005357
2SIMIONRP172921,0000000000,893530305243664235,272039144005358
2SIMIONRP172923,0000000000,893530305243664236,272039144005359
2SIMIONRP172922,0000000000,893530305243664237,272039144005360
2SIMIONRP172924,0000000000,893530305243664238,272039144005361
2SIMIONRP172925,0000000000,893530305243664239,272039144005362
2SIMIONRP172926,0000000000,893530305243664240,272039144005363
2SIMIONRP172927,0000000000,893530305243664241,272039144005364
2SIMIONRP172928,0000000000,893530305243664242,272039144005365
2SIMIONRP172929,0000000000,893530305243664243,272039144005366
2SIMIONRP172930,0000000000,893530305243664244,272039144005367
2SIMIONRP172931,0000000000,893530305243664245,272039144005368
2SIMIONRP172932,0000000000,893530305243664246,272039144005369
2SIMIONRP172933,0000000000,893530305243664247,272039144005370
2SIMIONRP172934,0000000000,893530305243664248,272039144005371
2SIMIONRP172935,0000000000,893530305243664249,272039144005372
2SIMIONRP172936,0000000000,893530305243664250,272039144005373
2SIMIONRP172937,0000000000,893530305243664251,272039144005374
2SIMIONRP172938,0000000000,893530305243664252,272039144005375
2SIMIONRP172803,0000000000,893530305243664253,272039144005376
2SIMIONRP172804,0000000000,893530305243664254,272039144005377
2SIMIONRP172806,0000000000,893530305243664255,272039144005378
2SIMIONRP172807,0000000000,893530305243664256,272039144005379
2SIMIONRP172808,0000000000,893530305243664257,272039144005380
2SIMIONRP172810,0000000000,893530305243664258,272039144005381
2SIMIONRP172809,0000000000,893530305243664259,272039144005382
2SIMIONRP172811,0000000000,893530305243664260,272039144005383
2SIMIONRP172813,0000000000,893530305243664261,272039144005384
2SIMIONRP172812,0000000000,893530305243664262,272039144005385
2SIMIONRP172814,0000000000,893530305243664263,272039144005386
2SIMIONRP172816,0000000000,893530305243664264,272039144005387
2SIMIONRP172815,0000000000,893530305243664265,272039144005388
2SIMIONRP172817,0000000000,893530305243664266,272039144005389
2SIMIONRP172820,0000000000,893530305243664267,272039144005390
2SIMIONRP172818,0000000000,893530305243664268,272039144005391
2SIMIONRP172819,0000000000,893530305243664269,272039144005392
2SIMIONRP172821,0000000000,893530305243664270,272039144005393
2SIMIONRP172822,0000000000,893530305243664271,272039144005394
2SIMIONRP172823,0000000000,893530305243664272,272039144005395
2SIMIONRP172824,0000000000,893530305243664273,272039144005396
2SIMIONRP172825,0000000000,893530305243664274,272039144005397
2SIMIONRP172826,0000000000,893530305243664275,272039144005398
2SIMIONRP172827,0000000000,893530305243664276,272039144005399
2SIMIONRP172829,0000000000,893530305243664277,272039144005400
2SIMIONRP172828,0000000000,893530305243664278,272039144005401
2SIMIONRP172830,0000000000,893530305243664279,272039144005402
2SIMIONRP172831,0000000000,893530305243664280,272039144005403
2SIMIONRP172832,0000000000,893530305243664281,272039144005404
2SIMIONRP172833,0000000000,893530305243664282,272039144005405