1SIMBIMBE110985,0000000000,893530305243681290,272039100112626
1SIMBIMBE110986,0000000000,893530305243681291,272039100112627
1SIMBIMBE110987,0000000000,893530305243681292,272039100112628
1SIMBIMBE110988,0000000000,893530305243681293,272039100112629
1SIMBIMBE110989,0000000000,893530305243681294,272039100112630
1SIMBIMBE110990,0000000000,893530305243681295,272039100112631
1SIMBIMBE110991,0000000000,893530305243681296,272039100112632
1SIMBIMBE110992,0000000000,893530305243681297,272039100112633
1SIMBIMBE110993,0000000000,893530305243681298,272039100112634
1SIMBIMBE110994,0000000000,893530305243681299,272039100112635
1SIMBIMBE110995,0000000000,893530305243681300,272039100112636
1SIMBIMBE110996,0000000000,893530305243681301,272039100112637
1SIMBIMBE110997,0000000000,893530305243681302,272039100112638
1SIMBIMBE110998,0000000000,893530305243681303,272039100112639
1SIMBIMBE110999,0000000000,893530305243681304,272039100112640
1SIMBIMBE111000,0000000000,893530305243681305,272039100112641
1SIMBIMBE111001,0000000000,893530305243681306,272039100112642
1SIMBIMBE111002,0000000000,893530305243681307,272039100112643
1SIMBIMBE111003,0000000000,893530305243681308,272039100112644
1SIMBIMBE111004,0000000000,893530305243681309,272039100112645
1SIMBIMBE111005,0000000000,893530305243681310,272039100112646
1SIMBIMBE111006,0000000000,893530305243681311,272039100112647
1SIMBIMBE111007,0000000000,893530305243681312,272039100112648
1SIMBIMBE111008,0000000000,893530305243681313,272039100112649
1SIMBIMBE111009,0000000000,893530305243681314,272039100112650
1SIMBIMBE111010,0000000000,893530305243681315,272039100112651
1SIMBIMBE111011,0000000000,893530305243681316,272039100112652
1SIMBIMBE111012,0000000000,893530305243681317,272039100112653
1SIMBIMBE111013,0000000000,893530305243681318,272039100112654
1SIMBIMBE111014,0000000000,893530305243681319,272039100112655
1SIMBIMBE111015,0000000000,893530305243681320,272039100112656
1SIMBIMBE111016,0000000000,893530305243681321,272039100112657
1SIMBIMBE111017,0000000000,893530305243681322,272039100112658
1SIMBIMBE111018,0000000000,893530305243681323,272039100112659
1SIMBIMBE111019,0000000000,893530305243681324,272039100112660
1SIMBIMBE111020,0000000000,893530305243681325,272039100112661
1SIMBIMBE111021,0000000000,893530305243681326,272039100112662
1SIMBIMBE111022,0000000000,893530305243681327,272039100112663
1SIMBIMBE111023,0000000000,893530305243681328,272039100112664
1SIMBIMBE111024,0000000000,893530305243681329,272039100112665
1SIMBIMBE111025,0000000000,893530305243681330,272039100112666
1SIMBIMBE111026,0000000000,893530305243681331,272039100112667
1SIMBIMBE111027,0000000000,893530305243681332,272039100112668
1SIMBIMBE111028,0000000000,893530305243681333,272039100112669
1SIMBIMBE111029,0000000000,893530305243681334,272039100112670
1SIMBIMBE111030,0000000000,893530305243681335,272039100112671
1SIMBIMBE111031,0000000000,893530305243681336,272039100112672
1SIMBIMBE111032,0000000000,893530305243681337,272039100112673
1SIMBIMBE111033,0000000000,893530305243681338,272039100112674
1SIMBIMBE111034,0000000000,893530305243681339,272039100112675
1SIMBIMBE111035,0000000000,893530305243681340,272039100112676
1SIMBIMBE111036,0000000000,893530305243681341,272039100112677
1SIMBIMBE111037,0000000000,893530305243681342,272039100112678
1SIMBIMBE111038,0000000000,893530305243681343,272039100112679
1SIMBIMBE111039,0000000000,893530305243681344,272039100112680
1SIMBIMBE111040,0000000000,893530305243681345,272039100112681
1SIMBIMBE111041,0000000000,893530305243681346,272039100112682
1SIMBIMBE111042,0000000000,893530305243681347,272039100112683
1SIMBIMBE111043,0000000000,893530305243681348,272039100112684
1SIMBIMBE111044,0000000000,893530305243681349,272039100112685
1SIMBIMBE111045,0000000000,893530305243681350,272039100112686
1SIMBIMBE111046,0000000000,893530305243681351,272039100112687
1SIMBIMBE111047,0000000000,893530305243681352,272039100112688
1SIMBIMBE111048,0000000000,893530305243681353,272039100112689
1SIMBIMBE111049,0000000000,893530305243681354,272039100112690
1SIMBIMBE111050,0000000000,893530305243681355,272039100112691
1SIMBIMBE111051,0000000000,893530305243681356,272039100112692
1SIMBIMBE111052,0000000000,893530305243681357,272039100112693
1SIMBIMBE111053,0000000000,893530305243681358,272039100112694
1SIMBIMBE111054,0000000000,893530305243681359,272039100112695
1SIMBIMBE111055,0000000000,893530305243681360,272039100112696
1SIMBIMBE111056,0000000000,893530305243681361,272039100112697
1SIMBIMBE111057,0000000000,893530305243681393,272039100112729
1SIMBIMBE111058,0000000000,893530305243681394,272039100112730
1SIMBIMBE111059,0000000000,893530305243681395,272039100112731
1SIMBIMBE111060,0000000000,893530305243681396,272039100112732
1SIMBIMBE111061,0000000000,893530305243681397,272039100112733
1SIMBIMBE111062,0000000000,893530305243681398,272039100112734
1SIMBIMBE111063,0000000000,893530305243681399,272039100112735
1SIMBIMBE111064,0000000000,893530305243681400,272039100112736
1SIMBIMBE111065,0000000000,893530305243681401,272039100112737
1SIMBIMBE111066,0000000000,893530305243681402,272039100112738
1SIMBIMBE111067,0000000000,893530305243681403,272039100112739
1SIMBIMBE111068,0000000000,893530305243681404,272039100112740