6SIMBUSLE000401,0859720400,893530305240039590,272039168654406
6SIMBUSLE000402,0859720401,893530305240039591,272039168654407
6SIMBUSLE000403,0859720402,893530305240039592,272039168654408
6SIMBUSLE000404,0859720403,893530305240039593,272039168654409
6SIMBUSLE000405,0859720404,893530305240039594,272039168654410
6SIMBUSLE000406,0859720405,893530305240039595,272039168654411
6SIMBUSLE000407,0859720406,893530305240039596,272039168654412
6SIMBUSLE000408,0859720407,893530305240039597,272039168654413
6SIMBUSLE000409,0859720408,893530305240039598,272039168654414
6SIMBUSLE000410,0859720409,893530305240039599,272039168654415
6SIMBUSLE000411,0859720410,893530305240039600,272039168654416
6SIMBUSLE000412,0859720411,893530305240039601,272039168654417
6SIMBUSLE000413,0859720412,893530305240039602,272039168654418
6SIMBUSLE000414,0859720413,893530305240039603,272039168654419
6SIMBUSLE000415,0859720414,893530305240039604,272039168654420
6SIMBUSLE000416,0859720415,893530305240039605,272039168654421
6SIMBUSLE000417,0859720416,893530305240039606,272039168654422
6SIMBUSLE000418,0859720417,893530305240039607,272039168654423
6SIMBUSLE000419,0859720418,893530305240039608,272039168654424
6SIMBUSLE000420,0859720419,893530305240039609,272039168654425
6SIMBUSLE000421,0859720420,893530305240039610,272039168654426
6SIMBUSLE000422,0859720421,893530305240039611,272039168654427
6SIMBUSLE000423,0859720422,893530305240039612,272039168654428
6SIMBUSLE000424,0859720423,893530305240039613,272039168654429
6SIMBUSLE000425,0859720424,893530305240039614,272039168654430
6SIMBUSLE000426,0859720425,893530305240039615,272039168654431
6SIMBUSLE000427,0859720426,893530305240039616,272039168654432
6SIMBUSLE000428,0859720427,893530305240039617,272039168654433
6SIMBUSLE000429,0859720428,893530305240039618,272039168654434
6SIMBUSLE000430,0859720429,893530305240039619,272039168654435
6SIMBUSLE000431,0859720430,893530305240039620,272039168654436
6SIMBUSLE000432,0859720431,893530305240039621,272039168654437
6SIMBUSLE000433,0859720432,893530305240039622,272039168654438
6SIMBUSLE000434,0859720433,893530305240039623,272039168654439
6SIMBUSLE000435,0859720434,893530305240039624,272039168654440
6SIMBUSLE000436,0859720435,893530305240039625,272039168654441
6SIMBUSLE000437,0859720436,893530305240039626,272039168654442
6SIMBUSLE000438,0859720437,893530305240039627,272039168654443
6SIMBUSLE000439,0859720438,893530305240039628,272039168654444
6SIMBUSLE000440,0859720439,893530305240039629,272039168654445
6SIMBUSLE000441,0859720440,893530305240039630,272039168654446
6SIMBUSLE000442,0859720441,893530305240039631,272039168654447
6SIMBUSLE000443,0859720442,893530305240039632,272039168654448
6SIMBUSLE000444,0859720443,893530305240039633,272039168654449
6SIMBUSLE000445,0859720444,893530305240039634,272039168654450
6SIMBUSLE000446,0859720445,893530305240039635,272039168654451
6SIMBUSLE000447,0859720446,893530305240039636,272039168654452
6SIMBUSLE000448,0859720447,893530305240039637,272039168654453
6SIMBUSLE000449,0859720448,893530305240039638,272039168654454
6SIMBUSLE000450,0859720449,893530305240039639,272039168654455
6SIMBUSLE000451,0859720450,893530305240039640,272039168654456
6SIMBUSLE000452,0859720451,893530305240039641,272039168654457
6SIMBUSLE000453,0859720452,893530305240039642,272039168654458
6SIMBUSLE000454,0859720453,893530305240039643,272039168654459
6SIMBUSLE000455,0859720454,893530305240039644,272039168654460
6SIMBUSLE000456,0859720455,893530305240039645,272039168654461
6SIMBUSLE000457,0859720456,893530305240039646,272039168654462
6SIMBUSLE000458,0859720457,893530305240039647,272039168654463
6SIMBUSLE000459,0859720458,893530305240039648,272039168654464
6SIMBUSLE000460,0859720459,893530305240039649,272039168654465
6SIMBUSLE000461,0859720460,893530305240039650,272039168654466
6SIMBUSLE000462,0859720461,893530305240039651,272039168654467
6SIMBUSLE000463,0859720462,893530305240039652,272039168654468
6SIMBUSLE000464,0859720463,893530305240039653,272039168654469
6SIMBUSLE000465,0859720464,893530305240039654,272039168654470
6SIMBUSLE000466,0859720465,893530305240039655,272039168654471
6SIMBUSLE000467,0859720466,893530305240039656,272039168654472
6SIMBUSLE000468,0859720467,893530305240039657,272039168654473
6SIMBUSLE000469,0859720468,893530305240039658,272039168654474
6SIMBUSLE000470,0859720469,893530305240039659,272039168654475
6SIMBUSLE000471,0859720470,893530305240039660,272039168654476
6SIMBUSLE000472,0859720471,893530305240039661,272039168654477
6SIMBUSLE000473,0859720472,893530305240039662,272039168654478
6SIMBUSLE000474,0859720473,893530305240039663,272039168654479
6SIMBUSLE000475,0859720474,893530305240039664,272039168654480
6SIMBUSLE000476,0859720475,893530305240039665,272039168654481
6SIMBUSLE000477,0859720476,893530305240039666,272039168654482
6SIMBUSLE000478,0859720477,893530305240039667,272039168654483
6SIMBUSLE000479,0859720478,893530305240039668,272039168654484
6SIMBUSLE000480,0859720479,893530305240039669,272039168654485
6SIMBUSLE000481,0859720480,893530305240039670,272039168654486
6SIMBUSLE000482,0859720481,893530305240039671,272039168654487
6SIMBUSLE000483,0859720482,893530305240039672,272039168654488
6SIMBUSLE000484,0859720483,893530305240039673,272039168654489
6SIMBUSLE000485,0859720484,893530305240039674,272039168654490
6SIMBUSLE000486,0859720485,893530305240039675,272039168654491
6SIMBUSLE000487,0859720486,893530305240039676,272039168654492
6SIMBUSLE000488,0859720487,893530305240039677,272039168654493
6SIMBUSLE000489,0859720488,893530305240039678,272039168654494
6SIMBUSLE000490,0859720489,893530305240039679,272039168654495
6SIMBUSLE000491,0859720490,893530305240039680,272039168654496
6SIMBUSLE000492,0859720491,893530305240039681,272039168654497
6SIMBUSLE000493,0859720492,893530305240039682,272039168654498
6SIMBUSLE000494,0859720493,893530305240039683,272039168654499
6SIMBUSLE000495,0859720494,893530305240039684,272039168654500
6SIMBUSLE000496,0859720495,893530305240039685,272039168654501
6SIMBUSLE000497,0859720496,893530305240039686,272039168654502
6SIMBUSLE000498,0859720497,893530305240039687,272039168654503
6SIMBUSLE000499,0859720498,893530305240039688,272039168654504
6SIMBUSLE000500,0859720499,893530305240039689,272039168654505
6SIMBUSLE000501,0859720500,893530305240039690,272039168654506
6SIMBUSLE000502,0859720501,893530305240039691,272039168654507
6SIMBUSLE000503,0859720502,893530305240039692,272039168654508
6SIMBUSLE000504,0859720503,893530305240039693,272039168654509
6SIMBUSLE000505,0859720504,893530305240039694,272039168654510
6SIMBUSLE000506,0859720505,893530305240039695,272039168654511
6SIMBUSLE000507,0859720506,893530305240039696,272039168654512
6SIMBUSLE000508,0859720507,893530305240039697,272039168654513
6SIMBUSLE000509,0859720508,893530305240039698,272039168654514
6SIMBUSLE000510,0859720509,893530305240039699,272039168654515
6SIMBUSLE000511,0859720510,893530305240039700,272039168654516
6SIMBUSLE000512,0859720511,893530305240039701,272039168654517
6SIMBUSLE000513,0859720512,893530305240039702,272039168654518
6SIMBUSLE000514,0859720513,893530305240039703,272039168654519
6SIMBUSLE000515,0859720514,893530305240039704,272039168654520
6SIMBUSLE000516,0859720515,893530305240039705,272039168654521
6SIMBUSLE000517,0859720516,893530305240039706,272039168654522
6SIMBUSLE000518,0859720517,893530305240039707,272039168654523
6SIMBUSLE000519,0859720518,893530305240039708,272039168654524
6SIMBUSLE000520,0859720519,893530305240039709,272039168654525
6SIMBUSLE000521,0859720520,893530305240039710,272039168654526
6SIMBUSLE000522,0859720521,893530305240039711,272039168654527
6SIMBUSLE000523,0859720522,893530305240039712,272039168654528
6SIMBUSLE000524,0859720523,893530305240039713,272039168654529
6SIMBUSLE000525,0859720524,893530305240039714,272039168654530
6SIMBUSLE000526,0859720525,893530305240039715,272039168654531
6SIMBUSLE000527,0859720526,893530305240039716,272039168654532
6SIMBUSLE000528,0859720527,893530305240039717,272039168654533
6SIMBUSLE000529,0859720528,893530305240039718,272039168654534
6SIMBUSLE000530,0859720529,893530305240039719,272039168654535
6SIMBUSLE000531,0859720530,893530305240039720,272039168654536
6SIMBUSLE000532,0859720531,893530305240039721,272039168654537
6SIMBUSLE000533,0859720532,893530305240039722,272039168654538
6SIMBUSLE000534,0859720533,893530305240039723,272039168654539
6SIMBUSLE000535,0859720534,893530305240039724,272039168654540
6SIMBUSLE000536,0859720535,893530305240039725,272039168654541
6SIMBUSLE000537,0859720536,893530305240039726,272039168654542
6SIMBUSLE000538,0859720537,893530305240039727,272039168654543
6SIMBUSLE000539,0859720538,893530305240039728,272039168654544
6SIMBUSLE000540,0859720539,893530305240039729,272039168654545
6SIMBUSLE000541,0859720540,893530305240039730,272039168654546
6SIMBUSLE000542,0859720541,893530305240039731,272039168654547
6SIMBUSLE000543,0859720542,893530305240039732,272039168654548
6SIMBUSLE000544,0859720543,893530305240039733,272039168654549
6SIMBUSLE000545,0859720544,893530305240039734,272039168654550
6SIMBUSLE000546,0859720545,893530305240039735,272039168654551
6SIMBUSLE000547,0859720546,893530305240039736,272039168654552
6SIMBUSLE000548,0859720547,893530305240039737,272039168654553
6SIMBUSLE000549,0859720548,893530305240039738,272039168654554
6SIMBUSLE000550,0859720549,893530305240039739,272039168654555
6SIMBUSLE000551,0859720550,893530305240039740,272039168654556
6SIMBUSLE000552,0859720551,893530305240039741,272039168654557
6SIMBUSLE000553,0859720552,893530305240039742,272039168654558
6SIMBUSLE000554,0859720553,893530305240039743,272039168654559
6SIMBUSLE000555,0859720554,893530305240039744,272039168654560
6SIMBUSLE000556,0859720555,893530305240039745,272039168654561
6SIMBUSLE000557,0859720556,893530305240039746,272039168654562
6SIMBUSLE000558,0859720557,893530305240039747,272039168654563
6SIMBUSLE000559,0859720558,893530305240039748,272039168654564
6SIMBUSLE000560,0859720559,893530305240039749,272039168654565
6SIMBUSLE000561,0859720560,893530305240039750,272039168654566
6SIMBUSLE000562,0859720561,893530305240039751,272039168654567
6SIMBUSLE000563,0859720562,893530305240039752,272039168654568
6SIMBUSLE000564,0859720563,893530305240039753,272039168654569
6SIMBUSLE000565,0859720564,893530305240039754,272039168654570
6SIMBUSLE000566,0859720565,893530305240039755,272039168654571
6SIMBUSLE000567,0859720566,893530305240039756,272039168654572
6SIMBUSLE000568,0859720567,893530305240039757,272039168654573
6SIMBUSLE000569,0859720568,893530305240039758,272039168654574
6SIMBUSLE000570,0859720569,893530305240039759,272039168654575
6SIMBUSLE000571,0859720570,893530305240039760,272039168654576
6SIMBUSLE000572,0859720571,893530305240039761,272039168654577
6SIMBUSLE000573,0859720572,893530305240039762,272039168654578
6SIMBUSLE000574,0859720573,893530305240039763,272039168654579
6SIMBUSLE000575,0859720574,893530305240039764,272039168654580
6SIMBUSLE000576,0859720575,893530305240039765,272039168654581
6SIMBUSLE000577,0859720576,893530305240039766,272039168654582
6SIMBUSLE000578,0859720577,893530305240039767,272039168654583
6SIMBUSLE000579,0859720578,893530305240039768,272039168654584
6SIMBUSLE000580,0859720579,893530305240039769,272039168654585
6SIMBUSLE000581,0859720580,893530305240039770,272039168654586
6SIMBUSLE000582,0859720581,893530305240039771,272039168654587
6SIMBUSLE000583,0859720582,893530305240039772,272039168654588
6SIMBUSLE000584,0859720583,893530305240039773,272039168654589
6SIMBUSLE000585,0859720584,893530305240039774,272039168654590
6SIMBUSLE000586,0859720585,893530305240039775,272039168654591
6SIMBUSLE000587,0859720586,893530305240039776,272039168654592
6SIMBUSLE000588,0859720587,893530305240039777,272039168654593
6SIMBUSLE000589,0859720588,893530305240039778,272039168654594
6SIMBUSLE000590,0859720589,893530305240039779,272039168654595
6SIMBUSLE000591,0859720590,893530305240039780,272039168654596
6SIMBUSLE000592,0859720591,893530305240039781,272039168654597
6SIMBUSLE000593,0859720592,893530305240039782,272039168654598
6SIMBUSLE000594,0859720593,893530305240039783,272039168654599
6SIMBUSLE000595,0859720594,893530305240039784,272039168654600
6SIMBUSLE000596,0859720595,893530305240039785,272039168654601
6SIMBUSLE000597,0859720596,893530305240039786,272039168654602
6SIMBUSLE000598,0859720597,893530305240039787,272039168654603
6SIMBUSLE000599,0859720598,893530305240039788,272039168654604
6SIMBUSLE000600,0859720599,893530305240039789,272039168654605
6SIMBUSLE000601,0859720600,893530305240039790,272039168654606
6SIMBUSLE000602,0859720601,893530305240039791,272039168654607
6SIMBUSLE000603,0859720602,893530305240039792,272039168654608
6SIMBUSLE000604,0859720603,893530305240039793,272039168654609
6SIMBUSLE000605,0859720604,893530305240039794,272039168654610
6SIMBUSLE000606,0859720605,893530305240039795,272039168654611
6SIMBUSLE000607,0859720606,893530305240039796,272039168654612
6SIMBUSLE000608,0859720607,893530305240039797,272039168654613
6SIMBUSLE000609,0859720608,893530305240039798,272039168654614
6SIMBUSLE000610,0859720609,893530305240039799,272039168654615
6SIMBUSLE000611,0859720610,893530305240039800,272039168654616
6SIMBUSLE000612,0859720611,893530305240039801,272039168654617
6SIMBUSLE000613,0859720612,893530305240039802,272039168654618
6SIMBUSLE000614,0859720613,893530305240039803,272039168654619
6SIMBUSLE000615,0859720614,893530305240039804,272039168654620
6SIMBUSLE000616,0859720615,893530305240039805,272039168654621
6SIMBUSLE000617,0859720616,893530305240039806,272039168654622
6SIMBUSLE000618,0859720617,893530305240039807,272039168654623
6SIMBUSLE000619,0859720618,893530305240039808,272039168654624
6SIMBUSLE000620,0859720619,893530305240039809,272039168654625
6SIMBUSLE000621,0859720620,893530305240039810,272039168654626
6SIMBUSLE000622,0859720621,893530305240039811,272039168654627
6SIMBUSLE000623,0859720622,893530305240039812,272039168654628
6SIMBUSLE000624,0859720623,893530305240039813,272039168654629
6SIMBUSLE000625,0859720624,893530305240039814,272039168654630
6SIMBUSLE000626,0859720625,893530305240039815,272039168654631
6SIMBUSLE000627,0859720626,893530305240039816,272039168654632
6SIMBUSLE000628,0859720627,893530305240039817,272039168654633
6SIMBUSLE000629,0859720628,893530305240039818,272039168654634
6SIMBUSLE000630,0859720629,893530305240039819,272039168654635
6SIMBUSLE000631,0859720630,893530305240039820,272039168654636
6SIMBUSLE000632,0859720631,893530305240039821,272039168654637
6SIMBUSLE000633,0859720632,893530305240039822,272039168654638
6SIMBUSLE000634,0859720633,893530305240039823,272039168654639
6SIMBUSLE000635,0859720634,893530305240039824,272039168654640
6SIMBUSLE000636,0859720635,893530305240039825,272039168654641
6SIMBUSLE000637,0859720636,893530305240039826,272039168654642
6SIMBUSLE000638,0859720637,893530305240039827,272039168654643
6SIMBUSLE000639,0859720638,893530305240039828,272039168654644
6SIMBUSLE000640,0859720639,893530305240039829,272039168654645
6SIMBUSLE000641,0859720640,893530305240039830,272039168654646
6SIMBUSLE000642,0859720641,893530305240039831,272039168654647
6SIMBUSLE000643,0859720642,893530305240039832,272039168654648
6SIMBUSLE000644,0859720643,893530305240039833,272039168654649
6SIMBUSLE000645,0859720644,893530305240039834,272039168654650
6SIMBUSLE000646,0859720645,893530305240039835,272039168654651
6SIMBUSLE000647,0859720646,893530305240039836,272039168654652
6SIMBUSLE000648,0859720647,893530305240039837,272039168654653
6SIMBUSLE000649,0859720648,893530305240039838,272039168654654
6SIMBUSLE000650,0859720649,893530305240039839,272039168654655
6SIMBUSLE000651,0859720650,893530305240039840,272039168654656
6SIMBUSLE000652,0859720651,893530305240039841,272039168654657
6SIMBUSLE000653,0859720652,893530305240039842,272039168654658
6SIMBUSLE000654,0859720653,893530305240039843,272039168654659
6SIMBUSLE000655,0859720654,893530305240039844,272039168654660
6SIMBUSLE000656,0859720655,893530305240039845,272039168654661
6SIMBUSLE000657,0859720656,893530305240039846,272039168654662
6SIMBUSLE000658,0859720657,893530305240039847,272039168654663
6SIMBUSLE000659,0859720658,893530305240039848,272039168654664
6SIMBUSLE000660,0859720659,893530305240039849,272039168654665
6SIMBUSLE000661,0859720660,893530305240039850,272039168654666
6SIMBUSLE000662,0859720661,893530305240039851,272039168654667
6SIMBUSLE000663,0859720662,893530305240039852,272039168654668
6SIMBUSLE000664,0859720663,893530305240039853,272039168654669
6SIMBUSLE000665,0859720664,893530305240039854,272039168654670
6SIMBUSLE000666,0859720665,893530305240039855,272039168654671
6SIMBUSLE000667,0859720666,893530305240039856,272039168654672
6SIMBUSLE000668,0859720667,893530305240039857,272039168654673
6SIMBUSLE000669,0859720668,893530305240039858,272039168654674
6SIMBUSLE000670,0859720669,893530305240039859,272039168654675
6SIMBUSLE000671,0859720670,893530305240039860,272039168654676
6SIMBUSLE000672,0859720671,893530305240039861,272039168654677
6SIMBUSLE000673,0859720672,893530305240039862,272039168654678
6SIMBUSLE000674,0859720673,893530305240039863,272039168654679
6SIMBUSLE000675,0859720674,893530305240039864,272039168654680
6SIMBUSLE000676,0859720675,893530305240039865,272039168654681
6SIMBUSLE000677,0859720676,893530305240039866,272039168654682
6SIMBUSLE000678,0859720677,893530305240039867,272039168654683
6SIMBUSLE000679,0859720678,893530305240039868,272039168654684
6SIMBUSLE000680,0859720679,893530305240039869,272039168654685
6SIMBUSLE000681,0859720680,893530305240039870,272039168654686
6SIMBUSLE000682,0859720681,893530305240039871,272039168654687
6SIMBUSLE000683,0859720682,893530305240039872,272039168654688
6SIMBUSLE000684,0859720683,893530305240039873,272039168654689
6SIMBUSLE000685,0859720684,893530305240039874,272039168654690
6SIMBUSLE000686,0859720685,893530305240039875,272039168654691
6SIMBUSLE000687,0859720686,893530305240039876,272039168654692
6SIMBUSLE000688,0859720687,893530305240039877,272039168654693
6SIMBUSLE000689,0859720688,893530305240039878,272039168654694
6SIMBUSLE000690,0859720689,893530305240039879,272039168654695
6SIMBUSLE000691,0859720690,893530305240039880,272039168654696
6SIMBUSLE000692,0859720691,893530305240039881,272039168654697
6SIMBUSLE000693,0859720692,893530305240039882,272039168654698
6SIMBUSLE000694,0859720693,893530305240039883,272039168654699
6SIMBUSLE000695,0859720694,893530305240039884,272039168654700
6SIMBUSLE000696,0859720695,893530305240039885,272039168654701
6SIMBUSLE000697,0859720696,893530305240039886,272039168654702
6SIMBUSLE000698,0859720697,893530305240039887,272039168654703
6SIMBUSLE000699,0859720698,893530305240039888,272039168654704
6SIMBUSLE000700,0859720699,893530305240039889,272039168654705
6SIMBUSLE000701,0859720700,893530305240039890,272039168654706
6SIMBUSLE000702,0859720701,893530305240039891,272039168654707
6SIMBUSLE000703,0859720702,893530305240039892,272039168654708
6SIMBUSLE000704,0859720703,893530305240039893,272039168654709
6SIMBUSLE000705,0859720704,893530305240039894,272039168654710
6SIMBUSLE000706,0859720705,893530305240039895,272039168654711
6SIMBUSLE000707,0859720706,893530305240039896,272039168654712
6SIMBUSLE000708,0859720707,893530305240039897,272039168654713
6SIMBUSLE000709,0859720708,893530305240039898,272039168654714
6SIMBUSLE000710,0859720709,893530305240039899,272039168654715
6SIMBUSLE000711,0859720710,893530305240039900,272039168654716
6SIMBUSLE000712,0859720711,893530305240039901,272039168654717
6SIMBUSLE000713,0859720712,893530305240039902,272039168654718
6SIMBUSLE000714,0859720713,893530305240039903,272039168654719
6SIMBUSLE000715,0859720714,893530305240039904,272039168654720
6SIMBUSLE000716,0859720715,893530305240039905,272039168654721
6SIMBUSLE000717,0859720716,893530305240039906,272039168654722
6SIMBUSLE000718,0859720717,893530305240039907,272039168654723
6SIMBUSLE000719,0859720718,893530305240039908,272039168654724
6SIMBUSLE000720,0859720719,893530305240039909,272039168654725
6SIMBUSLE000721,0859720720,893530305240039910,272039168654726
6SIMBUSLE000722,0859720721,893530305240039911,272039168654727
6SIMBUSLE000723,0859720722,893530305240039912,272039168654728
6SIMBUSLE000724,0859720723,893530305240039913,272039168654729
6SIMBUSLE000725,0859720724,893530305240039914,272039168654730
6SIMBUSLE000726,0859720725,893530305240039915,272039168654731
6SIMBUSLE000727,0859720726,893530305240039916,272039168654732
6SIMBUSLE000728,0859720727,893530305240039917,272039168654733
6SIMBUSLE000729,0859720728,893530305240039918,272039168654734
6SIMBUSLE000730,0859720729,893530305240039919,272039168654735
6SIMBUSLE000731,0859720730,893530305240039920,272039168654736
6SIMBUSLE000732,0859720731,893530305240039921,272039168654737
6SIMBUSLE000733,0859720732,893530305240039922,272039168654738
6SIMBUSLE000734,0859720733,893530305240039923,272039168654739
6SIMBUSLE000735,0859720734,893530305240039924,272039168654740
6SIMBUSLE000736,0859720735,893530305240039925,272039168654741
6SIMBUSLE000737,0859720736,893530305240039926,272039168654742
6SIMBUSLE000738,0859720737,893530305240039927,272039168654743
6SIMBUSLE000739,0859720738,893530305240039928,272039168654744
6SIMBUSLE000740,0859720739,893530305240039929,272039168654745
6SIMBUSLE000741,0859720740,893530305240039930,272039168654746
6SIMBUSLE000742,0859720741,893530305240039931,272039168654747
6SIMBUSLE000743,0859720742,893530305240039932,272039168654748
6SIMBUSLE000744,0859720743,893530305240039933,272039168654749
6SIMBUSLE000745,0859720744,893530305240039934,272039168654750
6SIMBUSLE000746,0859720745,893530305240039935,272039168654751
6SIMBUSLE000747,0859720746,893530305240039936,272039168654752
6SIMBUSLE000748,0859720747,893530305240039937,272039168654753
6SIMBUSLE000749,0859720748,893530305240039938,272039168654754
6SIMBUSLE000750,0859720749,893530305240039939,272039168654755
6SIMBUSLE000751,0859720750,893530305240039940,272039168654756
6SIMBUSLE000752,0859720751,893530305240039941,272039168654757
6SIMBUSLE000753,0859720752,893530305240039942,272039168654758
6SIMBUSLE000754,0859720753,893530305240039943,272039168654759
6SIMBUSLE000755,0859720754,893530305240039944,272039168654760
6SIMBUSLE000756,0859720755,893530305240039945,272039168654761
6SIMBUSLE000757,0859720756,893530305240039946,272039168654762
6SIMBUSLE000758,0859720757,893530305240039947,272039168654763
6SIMBUSLE000759,0859720758,893530305240039948,272039168654764
6SIMBUSLE000760,0859720759,893530305240039949,272039168654765
6SIMBUSLE000761,0859720760,893530305240039950,272039168654766
6SIMBUSLE000762,0859720761,893530305240039951,272039168654767
6SIMBUSLE000763,0859720762,893530305240039952,272039168654768
6SIMBUSLE000764,0859720763,893530305240039953,272039168654769
6SIMBUSLE000765,0859720764,893530305240039954,272039168654770
6SIMBUSLE000766,0859720765,893530305240039955,272039168654771
6SIMBUSLE000767,0859720766,893530305240039956,272039168654772
6SIMBUSLE000768,0859720767,893530305240039957,272039168654773
6SIMBUSLE000769,0859720768,893530305240039958,272039168654774
6SIMBUSLE000770,0859720769,893530305240039959,272039168654775
6SIMBUSLE000771,0859720770,893530305240039960,272039168654776
6SIMBUSLE000772,0859720771,893530305240039961,272039168654777
6SIMBUSLE000773,0859720772,893530305240039962,272039168654778
6SIMBUSLE000774,0859720773,893530305240039963,272039168654779
6SIMBUSLE000775,0859720774,893530305240039964,272039168654780
6SIMBUSLE000776,0859720775,893530305240039965,272039168654781
6SIMBUSLE000777,0859720776,893530305240039966,272039168654782
6SIMBUSLE000778,0859720777,893530305240039967,272039168654783
6SIMBUSLE000779,0859720778,893530305240039968,272039168654784
6SIMBUSLE000780,0859720779,893530305240039969,272039168654785
6SIMBUSLE000781,0859720780,893530305240039970,272039168654786
6SIMBUSLE000782,0859720781,893530305240039971,272039168654787
6SIMBUSLE000783,0859720782,893530305240039972,272039168654788
6SIMBUSLE000784,0859720783,893530305240039973,272039168654789
6SIMBUSLE000785,0859720784,893530305240039974,272039168654790
6SIMBUSLE000786,0859720785,893530305240039975,272039168654791
6SIMBUSLE000787,0859720786,893530305240039976,272039168654792
6SIMBUSLE000788,0859720787,893530305240039977,272039168654793
6SIMBUSLE000789,0859720788,893530305240039978,272039168654794
6SIMBUSLE000790,0859720789,893530305240039979,272039168654795
6SIMBUSLE000791,0859720790,893530305240039980,272039168654796
6SIMBUSLE000792,0859720791,893530305240039981,272039168654797
6SIMBUSLE000793,0859720792,893530305240039982,272039168654798
6SIMBUSLE000794,0859720793,893530305240039983,272039168654799
6SIMBUSLE000795,0859720794,893530305240039984,272039168654800
6SIMBUSLE000796,0859720795,893530305240039985,272039168654801
6SIMBUSLE000797,0859720796,893530305240039986,272039168654802
6SIMBUSLE000798,0859720797,893530305240039987,272039168654803
6SIMBUSLE000799,0859720798,893530305240039988,272039168654804
6SIMBUSLE000800,0859720799,893530305240039989,272039168654805
6SIMBUSLE000801,0859720800,893530305240039990,272039168654806
6SIMBUSLE000802,0859720801,893530305240039991,272039168654807
6SIMBUSLE000803,0859720802,893530305240039992,272039168654808
6SIMBUSLE000804,0859720803,893530305240039993,272039168654809
6SIMBUSLE000805,0859720804,893530305240039994,272039168654810
6SIMBUSLE000806,0859720805,893530305240039995,272039168654811
6SIMBUSLE000807,0859720806,893530305240039996,272039168654812
6SIMBUSLE000808,0859720807,893530305240039997,272039168654813
6SIMBUSLE000809,0859720808,893530305240039998,272039168654814
6SIMBUSLE000810,0859720809,893530305240039999,272039168654815
6SIMBUSLE000811,0859720810,893530305240040000,272039168654816
6SIMBUSLE000812,0859720811,893530305240040001,272039168654817
6SIMBUSLE000813,0859720812,893530305240040002,272039168654818
6SIMBUSLE000814,0859720813,893530305240040003,272039168654819
6SIMBUSLE000815,0859720814,893530305240040004,272039168654820
6SIMBUSLE000816,0859720815,893530305240040005,272039168654821
6SIMBUSLE000817,0859720816,893530305240040006,272039168654822
6SIMBUSLE000818,0859720817,893530305240040007,272039168654823
6SIMBUSLE000819,0859720818,893530305240040008,272039168654824
6SIMBUSLE000820,0859720819,893530305240040009,272039168654825
6SIMBUSLE000821,0859720820,893530305240040010,272039168654826
6SIMBUSLE000822,0859720821,893530305240040011,272039168654827
6SIMBUSLE000823,0859720822,893530305240040012,272039168654828
6SIMBUSLE000824,0859720823,893530305240040013,272039168654829
6SIMBUSLE000825,0859720824,893530305240040014,272039168654830
6SIMBUSLE000826,0859720825,893530305240040015,272039168654831
6SIMBUSLE000827,0859720826,893530305240040016,272039168654832
6SIMBUSLE000828,0859720827,893530305240040017,272039168654833
6SIMBUSLE000829,0859720828,893530305240040018,272039168654834
6SIMBUSLE000830,0859720829,893530305240040019,272039168654835
6SIMBUSLE000831,0859720830,893530305240040020,272039168654836
6SIMBUSLE000832,0859720831,893530305240040021,272039168654837
6SIMBUSLE000833,0859720832,893530305240040022,272039168654838
6SIMBUSLE000834,0859720833,893530305240040023,272039168654839
6SIMBUSLE000835,0859720834,893530305240040024,272039168654840
6SIMBUSLE000836,0859720835,893530305240040025,272039168654841
6SIMBUSLE000837,0859720836,893530305240040026,272039168654842
6SIMBUSLE000838,0859720837,893530305240040027,272039168654843
6SIMBUSLE000839,0859720838,893530305240040028,272039168654844
6SIMBUSLE000840,0859720839,893530305240040029,272039168654845
6SIMBUSLE000841,0859720840,893530305240040030,272039168654846
6SIMBUSLE000842,0859720841,893530305240040031,272039168654847
6SIMBUSLE000843,0859720842,893530305240040032,272039168654848
6SIMBUSLE000844,0859720843,893530305240040033,272039168654849
6SIMBUSLE000845,0859720844,893530305240040034,272039168654850
6SIMBUSLE000846,0859720845,893530305240040035,272039168654851
6SIMBUSLE000847,0859720846,893530305240040036,272039168654852
6SIMBUSLE000848,0859720847,893530305240040037,272039168654853
6SIMBUSLE000849,0859720848,893530305240040038,272039168654854
6SIMBUSLE000850,0859720849,893530305240040039,272039168654855
6SIMBUSLE000851,0859720850,893530305240040040,272039168654856
6SIMBUSLE000852,0859720851,893530305240040041,272039168654857
6SIMBUSLE000853,0859720852,893530305240040042,272039168654858
6SIMBUSLE000854,0859720853,893530305240040043,272039168654859
6SIMBUSLE000855,0859720854,893530305240040044,272039168654860
6SIMBUSLE000856,0859720855,893530305240040045,272039168654861
6SIMBUSLE000857,0859720856,893530305240040046,272039168654862
6SIMBUSLE000858,0859720857,893530305240040047,272039168654863
6SIMBUSLE000859,0859720858,893530305240040048,272039168654864
6SIMBUSLE000860,0859720859,893530305240040049,272039168654865
6SIMBUSLE000861,0859720860,893530305240040050,272039168654866
6SIMBUSLE000862,0859720861,893530305240040051,272039168654867
6SIMBUSLE000863,0859720862,893530305240040052,272039168654868
6SIMBUSLE000864,0859720863,893530305240040053,272039168654869
6SIMBUSLE000865,0859720864,893530305240040054,272039168654870
6SIMBUSLE000866,0859720865,893530305240040055,272039168654871
6SIMBUSLE000867,0859720866,893530305240040056,272039168654872
6SIMBUSLE000868,0859720867,893530305240040057,272039168654873
6SIMBUSLE000869,0859720868,893530305240040058,272039168654874
6SIMBUSLE000870,0859720869,893530305240040059,272039168654875
6SIMBUSLE000871,0859720870,893530305240040060,272039168654876
6SIMBUSLE000872,0859720871,893530305240040061,272039168654877
6SIMBUSLE000873,0859720872,893530305240040062,272039168654878
6SIMBUSLE000874,0859720873,893530305240040063,272039168654879
6SIMBUSLE000875,0859720874,893530305240040064,272039168654880
6SIMBUSLE000876,0859720875,893530305240040065,272039168654881
6SIMBUSLE000877,0859720876,893530305240040066,272039168654882
6SIMBUSLE000878,0859720877,893530305240040067,272039168654883
6SIMBUSLE000879,0859720878,893530305240040068,272039168654884
6SIMBUSLE000880,0859720879,893530305240040069,272039168654885
6SIMBUSLE000881,0859720880,893530305240040070,272039168654886
6SIMBUSLE000882,0859720881,893530305240040071,272039168654887
6SIMBUSLE000883,0859720882,893530305240040072,272039168654888
6SIMBUSLE000884,0859720883,893530305240040073,272039168654889
6SIMBUSLE000885,0859720884,893530305240040074,272039168654890
6SIMBUSLE000886,0859720885,893530305240040075,272039168654891
6SIMBUSLE000887,0859720886,893530305240040076,272039168654892
6SIMBUSLE000888,0859720887,893530305240040077,272039168654893
6SIMBUSLE000889,0859720888,893530305240040078,272039168654894
6SIMBUSLE000890,0859720889,893530305240040079,272039168654895
6SIMBUSLE000891,0859720890,893530305240040080,272039168654896
6SIMBUSLE000892,0859720891,893530305240040081,272039168654897
6SIMBUSLE000893,0859720892,893530305240040082,272039168654898
6SIMBUSLE000894,0859720893,893530305240040083,272039168654899
6SIMBUSLE000895,0859720894,893530305240040084,272039168654900
6SIMBUSLE000896,0859720895,893530305240040085,272039168654901
6SIMBUSLE000897,0859720896,893530305240040086,272039168654902
6SIMBUSLE000898,0859720897,893530305240040087,272039168654903
6SIMBUSLE000899,0859720898,893530305240040088,272039168654904
6SIMBUSLE000900,0859720899,893530305240040089,272039168654905
6SIMBUSLE000901,0859720900,893530305240040090,272039168654906
6SIMBUSLE000902,0859720901,893530305240040091,272039168654907
6SIMBUSLE000903,0859720902,893530305240040092,272039168654908
6SIMBUSLE000904,0859720903,893530305240040093,272039168654909
6SIMBUSLE000905,0859720904,893530305240040094,272039168654910
6SIMBUSLE000906,0859720905,893530305240040095,272039168654911
6SIMBUSLE000907,0859720906,893530305240040096,272039168654912
6SIMBUSLE000908,0859720907,893530305240040097,272039168654913
6SIMBUSLE000909,0859720908,893530305240040098,272039168654914
6SIMBUSLE000910,0859720909,893530305240040099,272039168654915
6SIMBUSLE000911,0859720910,893530305240040100,272039168654916
6SIMBUSLE000912,0859720911,893530305240040101,272039168654917
6SIMBUSLE000913,0859720912,893530305240040102,272039168654918
6SIMBUSLE000914,0859720913,893530305240040103,272039168654919
6SIMBUSLE000915,0859720914,893530305240040104,272039168654920
6SIMBUSLE000916,0859720915,893530305240040105,272039168654921
6SIMBUSLE000917,0859720916,893530305240040106,272039168654922
6SIMBUSLE000918,0859720917,893530305240040107,272039168654923
6SIMBUSLE000919,0859720918,893530305240040108,272039168654924
6SIMBUSLE000920,0859720919,893530305240040109,272039168654925
6SIMBUSLE000921,0859720920,893530305240040110,272039168654926
6SIMBUSLE000922,0859720921,893530305240040111,272039168654927
6SIMBUSLE000923,0859720922,893530305240040112,272039168654928
6SIMBUSLE000924,0859720923,893530305240040113,272039168654929
6SIMBUSLE000925,0859720924,893530305240040114,272039168654930
6SIMBUSLE000926,0859720925,893530305240040115,272039168654931
6SIMBUSLE000927,0859720926,893530305240040116,272039168654932
6SIMBUSLE000928,0859720927,893530305240040117,272039168654933
6SIMBUSLE000929,0859720928,893530305240040118,272039168654934
6SIMBUSLE000930,0859720929,893530305240040119,272039168654935
6SIMBUSLE000931,0859720930,893530305240040120,272039168654936
6SIMBUSLE000932,0859720931,893530305240040121,272039168654937
6SIMBUSLE000933,0859720932,893530305240040122,272039168654938
6SIMBUSLE000934,0859720933,893530305240040123,272039168654939
6SIMBUSLE000935,0859720934,893530305240040124,272039168654940
6SIMBUSLE000936,0859720935,893530305240040125,272039168654941
6SIMBUSLE000937,0859720936,893530305240040126,272039168654942
6SIMBUSLE000938,0859720937,893530305240040127,272039168654943
6SIMBUSLE000939,0859720938,893530305240040128,272039168654944
6SIMBUSLE000940,0859720939,893530305240040129,272039168654945
6SIMBUSLE000941,0859720940,893530305240040130,272039168654946
6SIMBUSLE000942,0859720941,893530305240040131,272039168654947
6SIMBUSLE000943,0859720942,893530305240040132,272039168654948
6SIMBUSLE000944,0859720943,893530305240040133,272039168654949
6SIMBUSLE000945,0859720944,893530305240040134,272039168654950
6SIMBUSLE000946,0859720945,893530305240040135,272039168654951
6SIMBUSLE000947,0859720946,893530305240040136,272039168654952
6SIMBUSLE000948,0859720947,893530305240040137,272039168654953
6SIMBUSLE000949,0859720948,893530305240040138,272039168654954
6SIMBUSLE000950,0859720949,893530305240040139,272039168654955
6SIMBUSLE000951,0859720950,893530305240040140,272039168654956
6SIMBUSLE000952,0859720951,893530305240040141,272039168654957
6SIMBUSLE000953,0859720952,893530305240040142,272039168654958
6SIMBUSLE000954,0859720953,893530305240040143,272039168654959
6SIMBUSLE000955,0859720954,893530305240040144,272039168654960
6SIMBUSLE000956,0859720955,893530305240040145,272039168654961
6SIMBUSLE000957,0859720956,893530305240040146,272039168654962
6SIMBUSLE000958,0859720957,893530305240040147,272039168654963
6SIMBUSLE000959,0859720958,893530305240040148,272039168654964
6SIMBUSLE000960,0859720959,893530305240040149,272039168654965
6SIMBUSLE000961,0859720960,893530305240040150,272039168654966
6SIMBUSLE000962,0859720961,893530305240040151,272039168654967
6SIMBUSLE000963,0859720962,893530305240040152,272039168654968
6SIMBUSLE000964,0859720963,893530305240040153,272039168654969
6SIMBUSLE000965,0859720964,893530305240040154,272039168654970
6SIMBUSLE000966,0859720965,893530305240040155,272039168654971
6SIMBUSLE000967,0859720966,893530305240040156,272039168654972
6SIMBUSLE000968,0859720967,893530305240040157,272039168654973
6SIMBUSLE000969,0859720968,893530305240040158,272039168654974
6SIMBUSLE000970,0859720969,893530305240040159,272039168654975
6SIMBUSLE000971,0859720970,893530305240040160,272039168654976
6SIMBUSLE000972,0859720971,893530305240040161,272039168654977
6SIMBUSLE000973,0859720972,893530305240040162,272039168654978
6SIMBUSLE000974,0859720973,893530305240040163,272039168654979
6SIMBUSLE000975,0859720974,893530305240040164,272039168654980
6SIMBUSLE000976,0859720975,893530305240040165,272039168654981
6SIMBUSLE000977,0859720976,893530305240040166,272039168654982
6SIMBUSLE000978,0859720977,893530305240040167,272039168654983
6SIMBUSLE000979,0859720978,893530305240040168,272039168654984
6SIMBUSLE000980,0859720979,893530305240040169,272039168654985
6SIMBUSLE000981,0859720980,893530305240040170,272039168654986
6SIMBUSLE000982,0859720981,893530305240040171,272039168654987
6SIMBUSLE000983,0859720982,893530305240040172,272039168654988
6SIMBUSLE000984,0859720983,893530305240040173,272039168654989
6SIMBUSLE000985,0859720984,893530305240040174,272039168654990
6SIMBUSLE000986,0859720985,893530305240040175,272039168654991
6SIMBUSLE000987,0859720986,893530305240040176,272039168654992
6SIMBUSLE000988,0859720987,893530305240040177,272039168654993
6SIMBUSLE000989,0859720988,893530305240040178,272039168654994
6SIMBUSLE000990,0859720989,893530305240040179,272039168654995
6SIMBUSLE000991,0859720990,893530305240040180,272039168654996
6SIMBUSLE000992,0859720991,893530305240040181,272039168654997
6SIMBUSLE000993,0859720992,893530305240040182,272039168654998
6SIMBUSLE000994,0859720993,893530305240040183,272039168654999
6SIMBUSLE000995,0859720994,893530305240040184,272039168655000
6SIMBUSLE000996,0859720995,893530305240040185,272039168655001
6SIMBUSLE000997,0859720996,893530305240040186,272039168655002
6SIMBUSLE000998,0859720997,893530305240040187,272039168655003
6SIMBUSLE000999,0859720998,893530305240040188,272039168655004
6SIMBUSLE001000,0859720999,893530305240040189,272039168655005
