0SIMONLINA400413,0859730310,893530305240040500,272039100611311
0SIMONLINA400414,0859730311,893530305240040501,272039100611312
0SIMONLINA400415,0859730312,893530305240040502,272039100611313
0SIMONLINA400416,0859730313,893530305240040503,272039100611314
0SIMONLINA400417,0859730315,893530305240040505,272039100611316
0SIMONLINA400418,0859730314,893530305240040504,272039100611315
0SIMONLINA400419,0859730316,893530305240040506,272039100611317
0SIMONLINA400420,0859730317,893530305240040507,272039100611318
0SIMONLINA400421,0859730318,893530305240040508,272039100611319
0SIMONLINA400422,0859730319,893530305240040509,272039100611320
0SIMONLINA400423,0859730320,893530305240040510,272039100611321
0SIMONLINA400424,0859730321,893530305240040511,272039100611322
0SIMONLINA400425,0859730322,893530305240040512,272039100611323
0SIMONLINA400426,0859730323,893530305240040513,272039100611324
0SIMONLINA400427,0859730324,893530305240040514,272039100611325
0SIMONLINA400428,0859730325,893530305240040515,272039100611326
0SIMONLINA400429,0859730326,893530305240040516,272039100611327
0SIMONLINA400430,0859730327,893530305240040517,272039100611328
0SIMONLINA400431,0859730328,893530305240040518,272039100611329
0SIMONLINA400432,0859730329,893530305240040519,272039100611330
0SIMONLINA400433,0859730330,893530305240040520,272039100611331
0SIMONLINA400434,0859730331,893530305240040521,272039100611332
0SIMONLINA400435,0859730332,893530305240040522,272039100611333
0SIMONLINA400436,0859730333,893530305240040523,272039100611334
0SIMONLINA400437,0859730334,893530305240040524,272039100611335
0SIMONLINA400438,0859730335,893530305240040525,272039100611336
0SIMONLINA400439,0859730336,893530305240040526,272039100611337
0SIMONLINA400440,0859730337,893530305240040527,272039100611338
0SIMONLINA400441,0859730338,893530305240040528,272039100611339
0SIMONLINA400442,0859730339,893530305240040529,272039100611340
0SIMONLINA400443,0859730340,893530305240040530,272039100611341
0SIMONLINA400444,0859730341,893530305240040531,272039100611342
0SIMONLINA400445,0859730342,893530305240040532,272039100611343
0SIMONLINA400446,0859730343,893530305240040533,272039100611344
0SIMONLINA400447,0859730344,893530305240040534,272039100611345
0SIMONLINA400448,0859730345,893530305240040535,272039100611346
0SIMONLINA400449,0859730346,893530305240040536,272039100611347
0SIMONLINA400450,0859730347,893530305240040537,272039100611348
0SIMONLINA400451,0859730348,893530305240040538,272039100611349
0SIMONLINA400452,0859730349,893530305240040539,272039100611350
0SIMONLINA400453,0859730350,893530305240040540,272039100611351
0SIMONLINA400454,0859730351,893530305240040541,272039100611352
0SIMONLINA400455,0859730353,893530305240040543,272039100611354
0SIMONLINA400456,0859730352,893530305240040542,272039100611353
0SIMONLINA400457,0859730354,893530305240040544,272039100611355
0SIMONLINA400458,0859730355,893530305240040545,272039100611356
0SIMONLINA400459,0859730356,893530305240040546,272039100611357
0SIMONLINA400460,0859730357,893530305240040547,272039100611358
0SIMONLINA400461,0859730358,893530305240040548,272039100611359
0SIMONLINA400462,0859730359,893530305240040549,272039100611360
0SIMONLINA400463,0859730360,893530305240040550,272039100611361
0SIMONLINA400464,0859730361,893530305240040551,272039100611362
0SIMONLINA400465,0859730362,893530305240040552,272039100611363
0SIMONLINA400466,0859730363,893530305240040553,272039100611364
0SIMONLINA400467,0859730364,893530305240040554,272039100611365
0SIMONLINA400468,0859730365,893530305240040555,272039100611366
0SIMONLINA400469,0859730366,893530305240040556,272039100611367
0SIMONLINA400470,0859730367,893530305240040557,272039100611368
0SIMONLINA400471,0859730368,893530305240040558,272039100611369
0SIMONLINA400472,0859730369,893530305240040559,272039100611370
0SIMONLINA400473,0859730370,893530305240040560,272039100611371
0SIMONLINA400474,0859730371,893530305240040561,272039100611372
0SIMONLINA400475,0859730372,893530305240040562,272039100611373
0SIMONLINA400476,0859730373,893530305240040563,272039100611374
0SIMONLINA400477,0859730374,893530305240040564,272039100611375
0SIMONLINA400478,0859730375,893530305240040565,272039100611376
0SIMONLINA400479,0859730376,893530305240040566,272039100611377
0SIMONLINA400480,0859730377,893530305240040567,272039100611378
0SIMONLINA400481,0859730378,893530305240040568,272039100611379
0SIMONLINA400482,0859730379,893530305240040569,272039100611380
0SIMONLINA400483,0859730380,893530305240040570,272039100611381
0SIMONLINA400484,0859730381,893530305240040571,272039100611382
0SIMONLINA400485,0859730382,893530305240040572,272039100611383
0SIMONLINA400486,0859730383,893530305240040573,272039100611384
0SIMONLINA400487,0859730384,893530305240040574,272039100611385
0SIMONLINA400488,0859730385,893530305240040575,272039100611386
0SIMONLINA400489,0859730386,893530305240040576,272039100611387
0SIMONLINA400490,0859730387,893530305240040577,272039100611388
0SIMONLINA400491,0859730388,893530305240040578,272039100611389
0SIMONLINA400492,0859730389,893530305240040579,272039100611390
0SIMONLINA400493,0859730390,893530305240040580,272039100611391
0SIMONLINA400494,0859730391,893530305240040581,272039100611392
0SIMONLINA400495,0859730392,893530305240040582,272039100611393
0SIMONLINA400496,0859730393,893530305240040583,272039100611394
0SIMONLINA400497,0859730394,893530305240040584,272039100611395
0SIMONLINA400498,0859730395,893530305240040585,272039100611396
0SIMONLINA400499,0859730396,893530305240040586,272039100611397
0SIMONLINA400500,0859730397,893530305240040587,272039100611398
0SIMONLINA400501,0859730398,893530305240040588,272039100611399
0SIMONLINA400502,0859730399,893530305240040589,272039100611400
0SIMONLINA400503,0859730400,893530305240040590,272039100611401
0SIMONLINA400504,0859730401,893530305240040591,272039100611402
0SIMONLINA400505,0859730402,893530305240040592,272039100611403
0SIMONLINA400506,0859730403,893530305240040593,272039100611404
0SIMONLINA400507,0859730404,893530305240040594,272039100611405
0SIMONLINA400508,0859730405,893530305240040595,272039100611406
0SIMONLINA400509,0859730406,893530305240040596,272039100611407
0SIMONLINA400510,0859730407,893530305240040597,272039100611408
0SIMONLINA400511,0859730408,893530305240040598,272039100611409
0SIMONLINA400512,0859730409,893530305240040599,272039100611410
0SIMONLINA400513,0859730410,893530305240040600,272039100611411
0SIMONLINA400514,0859730411,893530305240040601,272039100611412
0SIMONLINA400515,0859730413,893530305240040603,272039100611414
0SIMONLINA400516,0859730412,893530305240040602,272039100611413
0SIMONLINA400517,0859730414,893530305240040604,272039100611415
0SIMONLINA400518,0859730415,893530305240040605,272039100611416
0SIMONLINA400519,0859730416,893530305240040606,272039100611417
0SIMONLINA400520,0859730417,893530305240040607,272039100611418
0SIMONLINA400521,0859730418,893530305240040608,272039100611419
0SIMONLINA400522,0859730419,893530305240040609,272039100611420
0SIMONLINA400523,0859730420,893530305240040610,272039100611421
0SIMONLINA400524,0859730422,893530305240040612,272039100611423
0SIMONLINA400525,0859730421,893530305240040611,272039100611422
0SIMONLINA400526,0859730424,893530305240040614,272039100611425
0SIMONLINA400527,0859730423,893530305240040613,272039100611424
0SIMONLINA400528,0859730425,893530305240040615,272039100611426
0SIMONLINA400529,0859730426,893530305240040616,272039100611427
0SIMONLINA400530,0859730428,893530305240040618,272039100611429
0SIMONLINA400531,0859730427,893530305240040617,272039100611428
0SIMONLINA400532,0859730429,893530305240040619,272039100611430
0SIMONLINA400533,0859730430,893530305240040620,272039100611431
0SIMONLINA400534,0859730431,893530305240040621,272039100611432
0SIMONLINA400535,0859730432,893530305240040622,272039100611433
0SIMONLINA400536,0859730433,893530305240040623,272039100611434
0SIMONLINA400537,0859730434,893530305240040624,272039100611435
0SIMONLINA400538,0859730435,893530305240040625,272039100611436
0SIMONLINA400539,0859730436,893530305240040626,272039100611437
0SIMONLINA400540,0859730438,893530305240040628,272039100611439
0SIMONLINA400541,0859730437,893530305240040627,272039100611438
0SIMONLINA400542,0859730439,893530305240040629,272039100611440
0SIMONLINA400543,0859730440,893530305240040630,272039100611441
0SIMONLINA400544,0859730441,893530305240040631,272039100611442
0SIMONLINA400545,0859730442,893530305240040632,272039100611443
0SIMONLINA400546,0859730443,893530305240040633,272039100611444
0SIMONLINA400547,0859730444,893530305240040634,272039100611445
0SIMONLINA400548,0859730446,893530305240040636,272039100611447
0SIMONLINA400549,0859730445,893530305240040635,272039100611446
0SIMONLINA400550,0859730447,893530305240040637,272039100611448
0SIMONLINA400551,0859730449,893530305240040639,272039100611450
0SIMONLINA400552,0859730448,893530305240040638,272039100611449
0SIMONLINA400553,0859730450,893530305240040640,272039100611451
0SIMONLINA400554,0859730451,893530305240040641,272039100611452
0SIMONLINA400555,0859730452,893530305240040642,272039100611453
0SIMONLINA400556,0859730453,893530305240040643,272039100611454
0SIMONLINA400557,0859730454,893530305240040644,272039100611455
0SIMONLINA400558,0859730455,893530305240040645,272039100611456
0SIMONLINA400559,0859730456,893530305240040646,272039100611457
0SIMONLINA400560,0859730458,893530305240040648,272039100611459
0SIMONLINA400561,0859730457,893530305240040647,272039100611458
0SIMONLINA400562,0859730459,893530305240040649,272039100611460
0SIMONLINA400563,0859730460,893530305240040650,272039100611461
0SIMONLINA400564,0859730461,893530305240040651,272039100611462
0SIMONLINA400565,0859730463,893530305240040653,272039100611464
0SIMONLINA400566,0859730462,893530305240040652,272039100611463
0SIMONLINA400567,0859730464,893530305240040654,272039100611465
0SIMONLINA400568,0859730465,893530305240040655,272039100611466
0SIMONLINA400569,0859730466,893530305240040656,272039100611467
0SIMONLINA400570,0859730467,893530305240040657,272039100611468
0SIMONLINA400571,0859730468,893530305240040658,272039100611469
0SIMONLINA400572,0859730469,893530305240040659,272039100611470
0SIMONLINA400573,0859730470,893530305240040660,272039100611471
0SIMONLINA400574,0859730471,893530305240040661,272039100611472
0SIMONLINA400575,0859730472,893530305240040662,272039100611473
0SIMONLINA400576,0859730473,893530305240040663,272039100611474
0SIMONLINA400577,0859730474,893530305240040664,272039100611475
0SIMONLINA400578,0859730475,893530305240040665,272039100611476
0SIMONLINA400579,0859730476,893530305240040666,272039100611477
0SIMONLINA400580,0859730477,893530305240040667,272039100611478
0SIMONLINA400581,0859730478,893530305240040668,272039100611479
0SIMONLINA400582,0859730480,893530305240040670,272039100611481
0SIMONLINA400583,0859730479,893530305240040669,272039100611480
0SIMONLINA400584,0859730481,893530305240040671,272039100611482
0SIMONLINA400585,0859730482,893530305240040672,272039100611483
0SIMONLINA400586,0859730483,893530305240040673,272039100611484
0SIMONLINA400587,0859730484,893530305240040674,272039100611485
0SIMONLINA400588,0859730485,893530305240040675,272039100611486
0SIMONLINA400589,0859730486,893530305240040676,272039100611487
0SIMONLINA400590,0859730487,893530305240040677,272039100611488
0SIMONLINA400591,0859730488,893530305240040678,272039100611489
0SIMONLINA400592,0859730489,893530305240040679,272039100611490
0SIMONLINA400593,0859730490,893530305240040680,272039100611491
0SIMONLINA400594,0859730491,893530305240040681,272039100611492
0SIMONLINA400595,0859730492,893530305240040682,272039100611493
0SIMONLINA400596,0859730494,893530305240040684,272039100611495
0SIMONLINA400597,0859730493,893530305240040683,272039100611494
0SIMONLINA400598,0859730495,893530305240040685,272039100611496
0SIMONLINA400599,0859730496,893530305240040686,272039100611497
0SIMONLINA400600,0859730497,893530305240040687,272039100611498
0SIMONLINA400601,0859730499,893530305240040689,272039100611500
0SIMONLINA400602,0859730498,893530305240040688,272039100611499
0SIMONLINA400603,0859730501,893530305240040691,272039100611502
0SIMONLINA400604,0859730500,893530305240040690,272039100611501
0SIMONLINA400605,0859730502,893530305240040692,272039100611503
0SIMONLINA400606,0859730504,893530305240040694,272039100611505
0SIMONLINA400607,0859730503,893530305240040693,272039100611504
0SIMONLINA400608,0859730506,893530305240040696,272039100611507
0SIMONLINA400609,0859730505,893530305240040695,272039100611506
0SIMONLINA400610,0859730507,893530305240040697,272039100611508
0SIMONLINA400611,0859730508,893530305240040698,272039100611509
0SIMONLINA400612,0859730510,893530305240040700,272039100611511
0SIMONLINA400613,0859730509,893530305240040699,272039100611510
0SIMONLINA400614,0859730511,893530305240040701,272039100611512
0SIMONLINA400615,0859730512,893530305240040702,272039100611513
0SIMONLINA400616,0859730513,893530305240040703,272039100611514
0SIMONLINA400617,0859730515,893530305240040705,272039100611516
0SIMONLINA400618,0859730514,893530305240040704,272039100611515
0SIMONLINA400619,0859730516,893530305240040706,272039100611517
0SIMONLINA400620,0859730517,893530305240040707,272039100611518
0SIMONLINA400621,0859730518,893530305240040708,272039100611519
0SIMONLINA400622,0859730519,893530305240040709,272039100611520
0SIMONLINA400623,0859730521,893530305240040711,272039100611522
0SIMONLINA400624,0859730520,893530305240040710,272039100611521
0SIMONLINA400625,0859730522,893530305240040712,272039100611523
0SIMONLINA400626,0859730523,893530305240040713,272039100611524
0SIMONLINA400627,0859730524,893530305240040714,272039100611525
0SIMONLINA400628,0859730526,893530305240040716,272039100611527
0SIMONLINA400629,0859730525,893530305240040715,272039100611526
0SIMONLINA400630,0859730527,893530305240040717,272039100611528
0SIMONLINA400631,0859730528,893530305240040718,272039100611529
0SIMONLINA400632,0859730530,893530305240040720,272039100611531
0SIMONLINA400633,0859730529,893530305240040719,272039100611530
0SIMONLINA400634,0859730531,893530305240040721,272039100611532
0SIMONLINA400635,0859730532,893530305240040722,272039100611533
0SIMONLINA400636,0859730533,893530305240040723,272039100611534
0SIMONLINA400637,0859730535,893530305240040725,272039100611536
0SIMONLINA400638,0859730534,893530305240040724,272039100611535
0SIMONLINA400639,0859730536,893530305240040726,272039100611537
0SIMONLINA400640,0859730537,893530305240040727,272039100611538
0SIMONLINA400641,0859730538,893530305240040728,272039100611539
0SIMONLINA400642,0859730539,893530305240040729,272039100611540
0SIMONLINA400643,0859730541,893530305240040731,272039100611542
0SIMONLINA400644,0859730540,893530305240040730,272039100611541
0SIMONLINA400645,0859730542,893530305240040732,272039100611543
0SIMONLINA400646,0859730543,893530305240040733,272039100611544
0SIMONLINA400647,0859730544,893530305240040734,272039100611545
0SIMONLINA400648,0859730546,893530305240040736,272039100611547
0SIMONLINA400649,0859730545,893530305240040735,272039100611546
0SIMONLINA400650,0859730548,893530305240040738,272039100611549
0SIMONLINA400651,0859730547,893530305240040737,272039100611548
0SIMONLINA400652,0859730549,893530305240040739,272039100611550
0SIMONLINA400653,0859730551,893530305240040741,272039100611552
0SIMONLINA400654,0859730550,893530305240040740,272039100611551
0SIMONLINA400655,0859730552,893530305240040742,272039100611553
0SIMONLINA400656,0859730553,893530305240040743,272039100611554
0SIMONLINA400657,0859730555,893530305240040745,272039100611556
0SIMONLINA400658,0859730554,893530305240040744,272039100611555
0SIMONLINA400659,0859730556,893530305240040746,272039100611557
0SIMONLINA400660,0859730557,893530305240040747,272039100611558
0SIMONLINA400661,0859730558,893530305240040748,272039100611559
0SIMONLINA400662,0859730559,893530305240040749,272039100611560
0SIMONLINA400663,0859730561,893530305240040751,272039100611562
0SIMONLINA400664,0859730560,893530305240040750,272039100611561
0SIMONLINA400665,0859730562,893530305240040752,272039100611563
0SIMONLINA400666,0859730563,893530305240040753,272039100611564
0SIMONLINA400667,0859730564,893530305240040754,272039100611565
0SIMONLINA400668,0859730566,893530305240040756,272039100611567
0SIMONLINA400669,0859730565,893530305240040755,272039100611566
0SIMONLINA400670,0859730567,893530305240040757,272039100611568
0SIMONLINA400671,0859730569,893530305240040759,272039100611570
0SIMONLINA400672,0859730568,893530305240040758,272039100611569
0SIMONLINA400673,0859730570,893530305240040760,272039100611571
0SIMONLINA400674,0859730571,893530305240040761,272039100611572
0SIMONLINA400675,0859730572,893530305240040762,272039100611573
0SIMONLINA400676,0859730573,893530305240040763,272039100611574
0SIMONLINA400677,0859730574,893530305240040764,272039100611575
0SIMONLINA400678,0859730575,893530305240040765,272039100611576
0SIMONLINA400679,0859730576,893530305240040766,272039100611577
0SIMONLINA400680,0859730577,893530305240040767,272039100611578
0SIMONLINA400681,0859730578,893530305240040768,272039100611579
0SIMONLINA400682,0859730579,893530305240040769,272039100611580
0SIMONLINA400683,0859730580,893530305240040770,272039100611581
0SIMONLINA400684,0859730581,893530305240040771,272039100611582
0SIMONLINA400685,0859730582,893530305240040772,272039100611583
0SIMONLINA400686,0859730584,893530305240040774,272039100611585
0SIMONLINA400687,0859730583,893530305240040773,272039100611584
0SIMONLINA400688,0859730585,893530305240040775,272039100611586
0SIMONLINA400689,0859730586,893530305240040776,272039100611587
0SIMONLINA400690,0859730587,893530305240040777,272039100611588
0SIMONLINA400691,0859730588,893530305240040778,272039100611589
0SIMONLINA400692,0859730589,893530305240040779,272039100611590
0SIMONLINA400693,0859730590,893530305240040780,272039100611591
0SIMONLINA400694,0859730591,893530305240040781,272039100611592
0SIMONLINA400695,0859730592,893530305240040782,272039100611593
0SIMONLINA400696,0859730593,893530305240040783,272039100611594
0SIMONLINA400697,0859730594,893530305240040784,272039100611595
0SIMONLINA400698,0859730595,893530305240040785,272039100611596
0SIMONLINA400699,0859730596,893530305240040786,272039100611597
0SIMONLINA400700,0859730597,893530305240040787,272039100611598
0SIMONLINA400701,0859730598,893530305240040788,272039100611599
0SIMONLINA400702,0859730599,893530305240040789,272039100611600
0SIMONLINA400703,0859730601,893530305240040791,272039100611602
0SIMONLINA400704,0859730600,893530305240040790,272039100611601
0SIMONLINA400705,0859730602,893530305240040792,272039100611603
0SIMONLINA400706,0859730603,893530305240040793,272039100611604
0SIMONLINA400707,0859730604,893530305240040794,272039100611605
0SIMONLINA400708,0859730605,893530305240040795,272039100611606
0SIMONLINA400709,0859730606,893530305240040796,272039100611607
0SIMONLINA400710,0859730607,893530305240040797,272039100611608
0SIMONLINA400711,0859730608,893530305240040798,272039100611609
0SIMONLINA400712,0859730610,893530305240040800,272039100611611
0SIMONLINA400713,0859730609,893530305240040799,272039100611610
0SIMONLINA400714,0859730611,893530305240040801,272039100611612
0SIMONLINA400715,0859730613,893530305240040803,272039100611614
0SIMONLINA400716,0859730612,893530305240040802,272039100611613
0SIMONLINA400717,0859730615,893530305240040805,272039100611616
0SIMONLINA400718,0859730614,893530305240040804,272039100611615
0SIMONLINA400719,0859730616,893530305240040806,272039100611617
0SIMONLINA400720,0859730617,893530305240040807,272039100611618
0SIMONLINA400721,0859730618,893530305240040808,272039100611619
0SIMONLINA400722,0859730619,893530305240040809,272039100611620
0SIMONLINA400723,0859730620,893530305240040810,272039100611621
0SIMONLINA400724,0859730621,893530305240040811,272039100611622
0SIMONLINA400725,0859730622,893530305240040812,272039100611623
0SIMONLINA400726,0859730623,893530305240040813,272039100611624
0SIMONLINA400727,0859730624,893530305240040814,272039100611625
0SIMONLINA400728,0859730625,893530305240040815,272039100611626
0SIMONLINA400729,0859730626,893530305240040816,272039100611627
0SIMONLINA400730,0859730628,893530305240040818,272039100611629
0SIMONLINA400731,0859730627,893530305240040817,272039100611628
0SIMONLINA400732,0859730629,893530305240040819,272039100611630
0SIMONLINA400733,0859730631,893530305240040821,272039100611632
0SIMONLINA400734,0859730630,893530305240040820,272039100611631
0SIMONLINA400735,0859730632,893530305240040822,272039100611633
0SIMONLINA400736,0859730633,893530305240040823,272039100611634
0SIMONLINA400737,0859730634,893530305240040824,272039100611635
0SIMONLINA400738,0859730635,893530305240040825,272039100611636
0SIMONLINA400739,0859730636,893530305240040826,272039100611637
0SIMONLINA400740,0859730637,893530305240040827,272039100611638
0SIMONLINA400741,0859730638,893530305240040828,272039100611639
0SIMONLINA400742,0859730639,893530305240040829,272039100611640
0SIMONLINA400743,0859730640,893530305240040830,272039100611641
0SIMONLINA400744,0859730641,893530305240040831,272039100611642
0SIMONLINA400745,0859730642,893530305240040832,272039100611643
0SIMONLINA400746,0859730643,893530305240040833,272039100611644
0SIMONLINA400747,0859730644,893530305240040834,272039100611645
0SIMONLINA400748,0859730645,893530305240040835,272039100611646
0SIMONLINA400749,0859730646,893530305240040836,272039100611647
0SIMONLINA400750,0859730647,893530305240040837,272039100611648
0SIMONLINA400751,0859730648,893530305240040838,272039100611649
0SIMONLINA400752,0859730649,893530305240040839,272039100611650
0SIMONLINA400753,0859730650,893530305240040840,272039100611651
0SIMONLINA400754,0859730651,893530305240040841,272039100611652
0SIMONLINA400755,0859730652,893530305240040842,272039100611653
0SIMONLINA400756,0859730653,893530305240040843,272039100611654
0SIMONLINA400757,0859730654,893530305240040844,272039100611655
0SIMONLINA400758,0859730655,893530305240040845,272039100611656
0SIMONLINA400759,0859730656,893530305240040846,272039100611657
0SIMONLINA400760,0859730657,893530305240040847,272039100611658
0SIMONLINA400761,0859730658,893530305240040848,272039100611659
0SIMONLINA400762,0859730659,893530305240040849,272039100611660
0SIMONLINA400763,0859730661,893530305240040851,272039100611662
0SIMONLINA400764,0859730660,893530305240040850,272039100611661
0SIMONLINA400765,0859730662,893530305240040852,272039100611663
0SIMONLINA400766,0859730663,893530305240040853,272039100611664
0SIMONLINA400767,0859730664,893530305240040854,272039100611665
0SIMONLINA400768,0859730665,893530305240040855,272039100611666
0SIMONLINA400769,0859730666,893530305240040856,272039100611667
0SIMONLINA400770,0859730667,893530305240040857,272039100611668
0SIMONLINA400771,0859730668,893530305240040858,272039100611669
0SIMONLINA400772,0859730669,893530305240040859,272039100611670
0SIMONLINA400773,0859730671,893530305240040861,272039100611672
0SIMONLINA400774,0859730670,893530305240040860,272039100611671
0SIMONLINA400775,0859730672,893530305240040862,272039100611673
0SIMONLINA400776,0859730673,893530305240040863,272039100611674
0SIMONLINA400777,0859730674,893530305240040864,272039100611675
0SIMONLINA400778,0859730675,893530305240040865,272039100611676
0SIMONLINA400779,0859730676,893530305240040866,272039100611677
0SIMONLINA400780,0859730677,893530305240040867,272039100611678
0SIMONLINA400781,0859730678,893530305240040868,272039100611679
0SIMONLINA400782,0859730679,893530305240040869,272039100611680
0SIMONLINA400783,0859730681,893530305240040871,272039100611682
0SIMONLINA400784,0859730680,893530305240040870,272039100611681
0SIMONLINA400785,0859730682,893530305240040872,272039100611683
0SIMONLINA400786,0859730683,893530305240040873,272039100611684
0SIMONLINA400787,0859730684,893530305240040874,272039100611685
0SIMONLINA400788,0859730686,893530305240040876,272039100611687
0SIMONLINA400789,0859730685,893530305240040875,272039100611686
0SIMONLINA400790,0859730687,893530305240040877,272039100611688
0SIMONLINA400791,0859730689,893530305240040879,272039100611690
0SIMONLINA400792,0859730688,893530305240040878,272039100611689
0SIMONLINA400793,0859730691,893530305240040881,272039100611692
0SIMONLINA400794,0859730690,893530305240040880,272039100611691
0SIMONLINA400795,0859730692,893530305240040882,272039100611693
0SIMONLINA400796,0859730693,893530305240040883,272039100611694
0SIMONLINA400797,0859730694,893530305240040884,272039100611695
0SIMONLINA400798,0859730695,893530305240040885,272039100611696
0SIMONLINA400799,0859730696,893530305240040886,272039100611697
0SIMONLINA400800,0859730698,893530305240040888,272039100611699
0SIMONLINA400801,0859730697,893530305240040887,272039100611698
0SIMONLINA400802,0859730699,893530305240040889,272039100611700
0SIMONLINA400803,0859730700,893530305240040890,272039100611701
0SIMONLINA400804,0859730701,893530305240040891,272039100611702
0SIMONLINA400805,0859730703,893530305240040893,272039100611704
0SIMONLINA400806,0859730702,893530305240040892,272039100611703
0SIMONLINA400807,0859730704,893530305240040894,272039100611705
0SIMONLINA400808,0859730705,893530305240040895,272039100611706
0SIMONLINA400809,0859730706,893530305240040896,272039100611707
0SIMONLINA400810,0859730707,893530305240040897,272039100611708
0SIMONLINA400811,0859730708,893530305240040898,272039100611709
0SIMONLINA400812,0859730709,893530305240040899,272039100611710
0SIMONLINA400813,0859730710,893530305240040900,272039100611711
0SIMONLINA400814,0859730711,893530305240040901,272039100611712
0SIMONLINA400815,0859730712,893530305240040902,272039100611713
0SIMONLINA400816,0859730714,893530305240040904,272039100611715
0SIMONLINA400817,0859730713,893530305240040903,272039100611714
0SIMONLINA400818,0859730716,893530305240040906,272039100611717
0SIMONLINA400819,0859730715,893530305240040905,272039100611716
0SIMONLINA400820,0859730717,893530305240040907,272039100611718
0SIMONLINA400821,0859730718,893530305240040908,272039100611719
0SIMONLINA400822,0859730719,893530305240040909,272039100611720
0SIMONLINA400823,0859730720,893530305240040910,272039100611721
0SIMONLINA400824,0859730721,893530305240040911,272039100611722
0SIMONLINA400825,0859730722,893530305240040912,272039100611723
0SIMONLINA400826,0859730723,893530305240040913,272039100611724
0SIMONLINA400827,0859730724,893530305240040914,272039100611725
0SIMONLINA400828,0859730726,893530305240040916,272039100611727
0SIMONLINA400829,0859730725,893530305240040915,272039100611726
0SIMONLINA400830,0859730727,893530305240040917,272039100611728
0SIMONLINA400831,0859730728,893530305240040918,272039100611729
0SIMONLINA400832,0859730729,893530305240040919,272039100611730
0SIMONLINA400833,0859730730,893530305240040920,272039100611731
0SIMONLINA400834,0859730731,893530305240040921,272039100611732
0SIMONLINA400835,0859730733,893530305240040923,272039100611734
0SIMONLINA400836,0859730732,893530305240040922,272039100611733
0SIMONLINA400837,0859730735,893530305240040925,272039100611736
0SIMONLINA400838,0859730734,893530305240040924,272039100611735
0SIMONLINA400839,0859730737,893530305240040927,272039100611738
0SIMONLINA400840,0859730736,893530305240040926,272039100611737
0SIMONLINA400841,0859730738,893530305240040928,272039100611739
0SIMONLINA400842,0859730739,893530305240040929,272039100611740
0SIMONLINA400843,0859730740,893530305240040930,272039100611741
0SIMONLINA400844,0859730741,893530305240040931,272039100611742
0SIMONLINA400845,0859730742,893530305240040932,272039100611743
0SIMONLINA400846,0859730744,893530305240040934,272039100611745
0SIMONLINA400847,0859730743,893530305240040933,272039100611744
0SIMONLINA400848,0859730745,893530305240040935,272039100611746
0SIMONLINA400849,0859730746,893530305240040936,272039100611747
0SIMONLINA400850,0859730747,893530305240040937,272039100611748
0SIMONLINA400851,0859730749,893530305240040939,272039100611750
0SIMONLINA400852,0859730748,893530305240040938,272039100611749
0SIMONLINA400853,0859730750,893530305240040940,272039100611751
0SIMONLINA400854,0859730751,893530305240040941,272039100611752
0SIMONLINA400855,0859730752,893530305240040942,272039100611753
0SIMONLINA400856,0859730753,893530305240040943,272039100611754
0SIMONLINA400857,0859730755,893530305240040945,272039100611756
0SIMONLINA400858,0859730754,893530305240040944,272039100611755
0SIMONLINA400859,0859730756,893530305240040946,272039100611757
0SIMONLINA400860,0859730757,893530305240040947,272039100611758
0SIMONLINA400861,0859730758,893530305240040948,272039100611759
0SIMONLINA400862,0859730759,893530305240040949,272039100611760
0SIMONLINA400863,0859730761,893530305240040951,272039100611762
0SIMONLINA400864,0859730760,893530305240040950,272039100611761
0SIMONLINA400865,0859730762,893530305240040952,272039100611763
0SIMONLINA400866,0859730763,893530305240040953,272039100611764
0SIMONLINA400867,0859730764,893530305240040954,272039100611765
0SIMONLINA400868,0859730765,893530305240040955,272039100611766
0SIMONLINA400869,0859730766,893530305240040956,272039100611767
0SIMONLINA400870,0859730767,893530305240040957,272039100611768
0SIMONLINA400871,0859730768,893530305240040958,272039100611769
0SIMONLINA400872,0859730769,893530305240040959,272039100611770
0SIMONLINA400873,0859730770,893530305240040960,272039100611771
0SIMONLINA400874,0859730771,893530305240040961,272039100611772
0SIMONLINA400875,0859730772,893530305240040962,272039100611773
0SIMONLINA400876,0859730773,893530305240040963,272039100611774
0SIMONLINA400877,0859730774,893530305240040964,272039100611775
0SIMONLINA400878,0859730775,893530305240040965,272039100611776
0SIMONLINA400879,0859730776,893530305240040966,272039100611777
0SIMONLINA400880,0859730778,893530305240040968,272039100611779
0SIMONLINA400881,0859730777,893530305240040967,272039100611778
0SIMONLINA400882,0859730779,893530305240040969,272039100611780
0SIMONLINA400883,0859730780,893530305240040970,272039100611781
0SIMONLINA400884,0859730781,893530305240040971,272039100611782
0SIMONLINA400885,0859730783,893530305240040973,272039100611784
0SIMONLINA400886,0859730782,893530305240040972,272039100611783
0SIMONLINA400887,0859730784,893530305240040974,272039100611785
0SIMONLINA400888,0859730785,893530305240040975,272039100611786
0SIMONLINA400889,0859730786,893530305240040976,272039100611787
0SIMONLINA400890,0859730788,893530305240040978,272039100611789
0SIMONLINA400891,0859730787,893530305240040977,272039100611788
0SIMONLINA400892,0859730789,893530305240040979,272039100611790
0SIMONLINA400893,0859730790,893530305240040980,272039100611791
0SIMONLINA400894,0859730792,893530305240040982,272039100611793
0SIMONLINA400895,0859730791,893530305240040981,272039100611792
0SIMONLINA400896,0859730793,893530305240040983,272039100611794
0SIMONLINA400897,0859730794,893530305240040984,272039100611795
0SIMONLINA400898,0859730795,893530305240040985,272039100611796
0SIMONLINA400899,0859730796,893530305240040986,272039100611797
0SIMONLINA400900,0859730797,893530305240040987,272039100611798
0SIMONLINA400901,0859730799,893530305240040989,272039100611800
0SIMONLINA400902,0859730798,893530305240040988,272039100611799
0SIMONLINA400903,0859730800,893530305240040990,272039100611801
0SIMONLINA400904,0859730801,893530305240040991,272039100611802
0SIMONLINA400905,0859730802,893530305240040992,272039100611803
0SIMONLINA400906,0859730803,893530305240040993,272039100611804
0SIMONLINA400907,0859730804,893530305240040994,272039100611805
0SIMONLINA400908,0859730805,893530305240040995,272039100611806
0SIMONLINA400909,0859730806,893530305240040996,272039100611807
0SIMONLINA400910,0859730807,893530305240040997,272039100611808
0SIMONLINA400911,0859730808,893530305240040998,272039100611809
0SIMONLINA400912,0859730809,893530305240040999,272039100611810
0SIMONLINA400913,0859730810,893530305240041000,272039100611811
0SIMONLINA400914,0859730811,893530305240041001,272039100611812
0SIMONLINA400915,0859730813,893530305240041003,272039100611814
0SIMONLINA400916,0859730812,893530305240041002,272039100611813
0SIMONLINA400917,0859730815,893530305240041005,272039100611816
0SIMONLINA400918,0859730814,893530305240041004,272039100611815
0SIMONLINA400919,0859730816,893530305240041006,272039100611817
0SIMONLINA400920,0859730817,893530305240041007,272039100611818
0SIMONLINA400921,0859730818,893530305240041008,272039100611819
0SIMONLINA400922,0859730820,893530305240041010,272039100611821
0SIMONLINA400923,0859730819,893530305240041009,272039100611820
0SIMONLINA400924,0859730821,893530305240041011,272039100611822
0SIMONLINA400925,0859730822,893530305240041012,272039100611823
0SIMONLINA400926,0859730823,893530305240041013,272039100611824
0SIMONLINA400927,0859730824,893530305240041014,272039100611825
0SIMONLINA400928,0859730825,893530305240041015,272039100611826
0SIMONLINA400929,0859730826,893530305240041016,272039100611827
0SIMONLINA400930,0859730827,893530305240041017,272039100611828
0SIMONLINA400931,0859730828,893530305240041018,272039100611829
0SIMONLINA400932,0859730829,893530305240041019,272039100611830
0SIMONLINA400933,0859730830,893530305240041020,272039100611831
0SIMONLINA400934,0859730831,893530305240041021,272039100611832
0SIMONLINA400935,0859730832,893530305240041022,272039100611833
0SIMONLINA400936,0859730834,893530305240041024,272039100611835
0SIMONLINA400937,0859730833,893530305240041023,272039100611834
0SIMONLINA400938,0859730835,893530305240041025,272039100611836
0SIMONLINA400939,0859730836,893530305240041026,272039100611837
0SIMONLINA400940,0859730837,893530305240041027,272039100611838
0SIMONLINA400941,0859730839,893530305240041029,272039100611840
0SIMONLINA400942,0859730838,893530305240041028,272039100611839
0SIMONLINA400943,0859730840,893530305240041030,272039100611841
0SIMONLINA400944,0859730841,893530305240041031,272039100611842
0SIMONLINA400945,0859730842,893530305240041032,272039100611843
0SIMONLINA400946,0859730843,893530305240041033,272039100611844
0SIMONLINA400947,0859730844,893530305240041034,272039100611845
0SIMONLINA400948,0859730845,893530305240041035,272039100611846
0SIMONLINA400949,0859730846,893530305240041036,272039100611847
0SIMONLINA400950,0859730847,893530305240041037,272039100611848
0SIMONLINA400951,0859730848,893530305240041038,272039100611849
0SIMONLINA400952,0859730849,893530305240041039,272039100611850
0SIMONLINA400953,0859730850,893530305240041040,272039100611851
0SIMONLINA400954,0859730851,893530305240041041,272039100611852
0SIMONLINA400955,0859730853,893530305240041043,272039100611854
0SIMONLINA400956,0859730852,893530305240041042,272039100611853
0SIMONLINA400957,0859730854,893530305240041044,272039100611855
0SIMONLINA400958,0859730855,893530305240041045,272039100611856
0SIMONLINA400959,0859730856,893530305240041046,272039100611857
0SIMONLINA400960,0859730857,893530305240041047,272039100611858
0SIMONLINA400961,0859730858,893530305240041048,272039100611859
0SIMONLINA400962,0859730859,893530305240041049,272039100611860
0SIMONLINA400963,0859730860,893530305240041050,272039100611861
0SIMONLINA400964,0859730861,893530305240041051,272039100611862
0SIMONLINA400965,0859730862,893530305240041052,272039100611863
0SIMONLINA400966,0859730863,893530305240041053,272039100611864
0SIMONLINA400967,0859730864,893530305240041054,272039100611865
0SIMONLINA400968,0859730866,893530305240041056,272039100611867
0SIMONLINA400969,0859730865,893530305240041055,272039100611866
0SIMONLINA400970,0859730868,893530305240041058,272039100611869
0SIMONLINA400971,0859730867,893530305240041057,272039100611868
0SIMONLINA400972,0859730869,893530305240041059,272039100611870
0SIMONLINA400973,0859730871,893530305240041061,272039100611872
0SIMONLINA400974,0859730870,893530305240041060,272039100611871
0SIMONLINA400975,0859730873,893530305240041063,272039100611874
0SIMONLINA400976,0859730872,893530305240041062,272039100611873
0SIMONLINA400977,0859730874,893530305240041064,272039100611875
0SIMONLINA400978,0859730875,893530305240041065,272039100611876
0SIMONLINA400979,0859730876,893530305240041066,272039100611877
0SIMONLINA400980,0859730877,893530305240041067,272039100611878
0SIMONLINA400981,0859730878,893530305240041068,272039100611879
0SIMONLINA400982,0859730879,893530305240041069,272039100611880
0SIMONLINA400983,0859730880,893530305240041070,272039100611881
0SIMONLINA400984,0859730881,893530305240041071,272039100611882
0SIMONLINA400985,0859730882,893530305240041072,272039100611883
0SIMONLINA400986,0859730883,893530305240041073,272039100611884
0SIMONLINA400987,0859730884,893530305240041074,272039100611885
0SIMONLINA400988,0859730885,893530305240041075,272039100611886
0SIMONLINA400989,0859730886,893530305240041076,272039100611887
0SIMONLINA400990,0859730887,893530305240041077,272039100611888
0SIMONLINA400991,0859730888,893530305240041078,272039100611889
0SIMONLINA400992,0859730889,893530305240041079,272039100611890
0SIMONLINA400993,0859730890,893530305240041080,272039100611891
0SIMONLINA400994,0859730891,893530305240041081,272039100611892
0SIMONLINA400995,0859730892,893530305240041082,272039100611893
0SIMONLINA400996,0859730893,893530305240041083,272039100611894
0SIMONLINA400997,0859730894,893530305240041084,272039100611895
0SIMONLINA400998,0859730895,893530305240041085,272039100611896
0SIMONLINA400999,0859730896,893530305240041086,272039100611897
0SIMONLINA401000,0859730897,893530305240041087,272039100611898
0SIMONLINA401001,0859730898,893530305240041088,272039100611899
0SIMONLINA401002,0859730899,893530305240041089,272039100611900
0SIMONLINA401003,0859730900,893530305240041090,272039100611901
0SIMONLINA401004,0859730901,893530305240041091,272039100611902
0SIMONLINA401005,0859730902,893530305240041092,272039100611903
0SIMONLINA401006,0859730903,893530305240041093,272039100611904
0SIMONLINA401007,0859730904,893530305240041094,272039100611905
0SIMONLINA401008,0859730905,893530305240041095,272039100611906
0SIMONLINA401009,0859730906,893530305240041096,272039100611907
0SIMONLINA401010,0859730908,893530305240041098,272039100611909
0SIMONLINA401011,0859730907,893530305240041097,272039100611908
0SIMONLINA401012,0859730909,893530305240041099,272039100611910
0SIMONLINA401013,0859730910,893530305240041100,272039100611911
0SIMONLINA401014,0859730911,893530305240041101,272039100611912
0SIMONLINA401015,0859730912,893530305240041102,272039100611913
0SIMONLINA401016,0859730913,893530305240041103,272039100611914
0SIMONLINA401017,0859730914,893530305240041104,272039100611915
0SIMONLINA401018,0859730915,893530305240041105,272039100611916
0SIMONLINA401019,0859730916,893530305240041106,272039100611917
0SIMONLINA401020,0859730917,893530305240041107,272039100611918
0SIMONLINA401021,0859730918,893530305240041108,272039100611919
0SIMONLINA401022,0859730919,893530305240041109,272039100611920
0SIMONLINA401023,0859730920,893530305240041110,272039100611921
0SIMONLINA401024,0859730921,893530305240041111,272039100611922
0SIMONLINA401025,0859730922,893530305240041112,272039100611923
0SIMONLINA401026,0859730923,893530305240041113,272039100611924
0SIMONLINA401027,0859730924,893530305240041114,272039100611925
0SIMONLINA401028,0859730925,893530305240041115,272039100611926
0SIMONLINA401029,0859730926,893530305240041116,272039100611927
0SIMONLINA401030,0859730927,893530305240041117,272039100611928
0SIMONLINA401031,0859730928,893530305240041118,272039100611929
0SIMONLINA401032,0859730929,893530305240041119,272039100611930
0SIMONLINA401033,0859730930,893530305240041120,272039100611931
0SIMONLINA401034,0859730931,893530305240041121,272039100611932
0SIMONLINA401035,0859730932,893530305240041122,272039100611933
0SIMONLINA401036,0859730933,893530305240041123,272039100611934
0SIMONLINA401037,0859730934,893530305240041124,272039100611935
0SIMONLINA401038,0859730935,893530305240041125,272039100611936
0SIMONLINA401039,0859730936,893530305240041126,272039100611937
0SIMONLINA401040,0859730937,893530305240041127,272039100611938
0SIMONLINA401041,0859730938,893530305240041128,272039100611939
0SIMONLINA401042,0859730939,893530305240041129,272039100611940
0SIMONLINA401043,0859730940,893530305240041130,272039100611941
0SIMONLINA401044,0859730941,893530305240041131,272039100611942
0SIMONLINA401045,0859730943,893530305240041133,272039100611944
0SIMONLINA401046,0859730942,893530305240041132,272039100611943
0SIMONLINA401047,0859730944,893530305240041134,272039100611945
0SIMONLINA401048,0859730945,893530305240041135,272039100611946
0SIMONLINA401049,0859730946,893530305240041136,272039100611947
0SIMONLINA401050,0859730947,893530305240041137,272039100611948
0SIMONLINA401051,0859730948,893530305240041138,272039100611949
0SIMONLINA401052,0859730949,893530305240041139,272039100611950
0SIMONLINA401053,0859730950,893530305240041140,272039100611951
0SIMONLINA401054,0859730951,893530305240041141,272039100611952
0SIMONLINA401055,0859730952,893530305240041142,272039100611953
0SIMONLINA401056,0859730953,893530305240041143,272039100611954
0SIMONLINA401057,0859730954,893530305240041144,272039100611955
0SIMONLINA401058,0859730955,893530305240041145,272039100611956
0SIMONLINA401059,0859730956,893530305240041146,272039100611957
0SIMONLINA401060,0859730957,893530305240041147,272039100611958
0SIMONLINA401061,0859730958,893530305240041148,272039100611959
0SIMONLINA401062,0859730959,893530305240041149,272039100611960
0SIMONLINA401063,0859730960,893530305240041150,272039100611961
0SIMONLINA401064,0859730961,893530305240041151,272039100611962
0SIMONLINA401065,0859730962,893530305240041152,272039100611963
0SIMONLINA401066,0859730963,893530305240041153,272039100611964
0SIMONLINA401067,0859730964,893530305240041154,272039100611965
0SIMONLINA401068,0859730965,893530305240041155,272039100611966
0SIMONLINA401069,0859730966,893530305240041156,272039100611967
0SIMONLINA401070,0859730967,893530305240041157,272039100611968
0SIMONLINA401071,0859730968,893530305240041158,272039100611969
0SIMONLINA401072,0859730969,893530305240041159,272039100611970
0SIMONLINA401073,0859730970,893530305240041160,272039100611971
0SIMONLINA401074,0859730971,893530305240041161,272039100611972
0SIMONLINA401075,0859730972,893530305240041162,272039100611973
0SIMONLINA401076,0859730973,893530305240041163,272039100611974
0SIMONLINA401077,0859730974,893530305240041164,272039100611975
0SIMONLINA401078,0859730975,893530305240041165,272039100611976
0SIMONLINA401079,0859730977,893530305240041167,272039100611978
0SIMONLINA401080,0859730976,893530305240041166,272039100611977
0SIMONLINA401081,0859730979,893530305240041169,272039100611980
0SIMONLINA401082,0859730978,893530305240041168,272039100611979
0SIMONLINA401083,0859730980,893530305240041170,272039100611981
0SIMONLINA401084,0859730981,893530305240041171,272039100611982
0SIMONLINA401085,0859730982,893530305240041172,272039100611983
0SIMONLINA401086,0859730983,893530305240041173,272039100611984
0SIMONLINA401087,0859730984,893530305240041174,272039100611985
0SIMONLINA401088,0859730985,893530305240041175,272039100611986
0SIMONLINA401089,0859730986,893530305240041176,272039100611987
0SIMONLINA401090,0859730987,893530305240041177,272039100611988
0SIMONLINA401091,0859730988,893530305240041178,272039100611989
0SIMONLINA401092,0859730989,893530305240041179,272039100611990
0SIMONLINA401093,0859730990,893530305240041180,272039100611991
0SIMONLINA401094,0859730991,893530305240041181,272039100611992
0SIMONLINA401095,0859730993,893530305240041183,272039100611994
0SIMONLINA401096,0859730992,893530305240041182,272039100611993
0SIMONLINA401097,0859730994,893530305240041184,272039100611995
0SIMONLINA401098,0859730995,893530305240041185,272039100611996
0SIMONLINA401099,0859730996,893530305240041186,272039100611997
0SIMONLINA401100,0859730997,893530305240041187,272039100611998
0SIMONLINA401101,0859730998,893530305240041188,272039100611999
0SIMONLINA401102,0859730999,893530305240041189,272039300602000