1SIMBILLE2521884,0850330125,893530305243671272,272039120505011
1SIMBILLE2521885,0850330126,893530305243671273,272039120505012
1SIMBILLE2521886,0850330127,893530305243671274,272039120505013
1SIMBILLE2521887,0850330128,893530305243671275,272039120505014
1SIMBILLE2521888,0850330129,893530305243671276,272039120505015
1SIMBILLE2521889,0850330130,893530305243671277,272039120505016
1SIMBILLE2521890,0850330131,893530305243671278,272039120505017
1SIMBILLE2521891,0850330132,893530305243671279,272039120505018
1SIMBILLE2521892,0850330133,893530305243671280,272039120505019
1SIMBILLE2521893,0850330134,893530305243671281,272039120505020
1SIMBILLE2521894,0850330135,893530305243671282,272039120505021
1SIMBILLE2521895,0850330136,893530305243671283,272039120505022
1SIMBILLE2521896,0850330137,893530305243671284,272039120505023
1SIMBILLE2521897,0850330139,893530305243671286,272039120505025
1SIMBILLE2521898,0850330140,893530305243671287,272039120505026
1SIMBILLE2521899,0850330141,893530305243671288,272039120505027
1SIMBILLE2521900,0850330142,893530305243671289,272039120505028
1SIMBILLE2521901,0850330143,893530305243671290,272039120505029
1SIMBILLE2521902,0850330144,893530305243671291,272039120505030
1SIMBILLE2521903,0850330145,893530305243671292,272039120505031
1SIMBILLE2521904,0850330146,893530305243671293,272039120505032
1SIMBILLE2521905,0850330147,893530305243671294,272039120505033
1SIMBILLE2521906,0850330148,893530305243671295,272039120505034
1SIMBILLE2521907,0850330149,893530305243671296,272039120505035
1SIMBILLE2521908,0850330150,893530305243671297,272039120505036
1SIMBILLE2521909,0850330151,893530305243671298,272039120505037
1SIMBILLE2521910,0850330152,893530305243671299,272039120505038
1SIMBILLE2521911,0850330153,893530305243671300,272039120505039
1SIMBILLE2521912,0850330154,893530305243671301,272039120505040
1SIMBILLE2521913,0850330157,893530305243671304,272039120505043
1SIMBILLE2521914,0850330158,893530305243671305,272039120505044
1SIMBILLE2521915,0850330160,893530305243671307,272039120505046
1SIMBILLE2521916,0850330161,893530305243671308,272039120505047
1SIMBILLE2521917,0850330162,893530305243671309,272039120505048
1SIMBILLE2521918,0850330163,893530305243671310,272039120505049
1SIMBILLE2521919,0850330164,893530305243671311,272039120505050
1SIMBILLE2521920,0850330165,893530305243671312,272039120505051
1SIMBILLE2521921,0850330168,893530305243671315,272039120505054
1SIMBILLE2521922,0850330170,893530305243671317,272039120505056
1SIMBILLE2521923,0850330171,893530305243671318,272039120505057
1SIMBILLE2521924,0850330172,893530305243671319,272039120505058
1SIMBILLE2521925,0850330174,893530305243671321,272039120505060
1SIMBILLE2521926,0850330175,893530305243671322,272039120505061
1SIMBILLE2521927,0850330177,893530305243671324,272039120505063
1SIMBILLE2521928,0850330178,893530305243671325,272039120505064
1SIMBILLE2521929,0850330179,893530305243671326,272039120505065
1SIMBILLE2521930,0850330180,893530305243671327,272039120505066
1SIMBILLE2521931,0850330182,893530305243671329,272039120505068
1SIMBILLE2521932,0850330183,893530305243671330,272039120505069
1SIMBILLE2521933,0850330184,893530305243671331,272039120505070
1SIMBILLE2521934,0850330185,893530305243671332,272039120505071
1SIMBILLE2521935,0850330187,893530305243671334,272039120505073
1SIMBILLE2521936,0850330188,893530305243671335,272039120505074
1SIMBILLE2521937,0850330189,893530305243671336,272039120505075
1SIMBILLE2521938,0850330190,893530305243671337,272039120505076
1SIMBILLE2521939,0850330191,893530305243671338,272039120505077
1SIMBILLE2521940,0850330192,893530305243671339,272039120505078
1SIMBILLE2521941,0850330193,893530305243671340,272039120505079
1SIMBILLE2521942,0850330194,893530305243671341,272039120505080
1SIMBILLE2521943,0850330195,893530305243671342,272039120505081
1SIMBILLE2521944,0850330196,893530305243671343,272039120505082
1SIMBILLE2521945,0850330197,893530305243671344,272039120505083
1SIMBILLE2521946,0850330198,893530305243671345,272039120505084
1SIMBILLE2521947,0850330199,893530305243671346,272039120505085