1SIMBILLE2421864,0850330050,893530305243671197,272039120504936
1SIMBILLE2421865,0850330051,893530305243671198,272039120504937
1SIMBILLE2421866,0850330052,893530305243671199,272039120504938
1SIMBILLE2421867,0850330053,893530305243671200,272039120504939
1SIMBILLE2421868,0850330054,893530305243671201,272039120504940
1SIMBILLE2421869,0850330055,893530305243671202,272039120504941
1SIMBILLE2421870,0850330056,893530305243671203,272039120504942
1SIMBILLE2421871,0850330057,893530305243671204,272039120504943
1SIMBILLE2421872,0850330058,893530305243671205,272039120504944
1SIMBILLE2421873,0850330060,893530305243671207,272039120504946
1SIMBILLE2421874,0850330061,893530305243671208,272039120504947
1SIMBILLE2421875,0850330062,893530305243671209,272039120504948
1SIMBILLE2421876,0850330063,893530305243671210,272039120504949
1SIMBILLE2421877,0850330064,893530305243671211,272039120504950
1SIMBILLE2421878,0850330065,893530305243671212,272039120504951
1SIMBILLE2421879,0850330066,893530305243671213,272039120504952
1SIMBILLE2421880,0850330067,893530305243671214,272039120504953
1SIMBILLE2421881,0850330069,893530305243671216,272039120504955
1SIMBILLE2421882,0850330070,893530305243671217,272039120504956
1SIMBILLE2421883,0850330071,893530305243671218,272039120504957
1SIMBILLE2421884,0850330072,893530305243671219,272039120504958
1SIMBILLE2421885,0850330073,893530305243671220,272039120504959
1SIMBILLE2421886,0850330074,893530305243671221,272039120504960
1SIMBILLE2421887,0850330075,893530305243671222,272039120504961
1SIMBILLE2421888,0850330076,893530305243671223,272039120504962
1SIMBILLE2421889,0850330077,893530305243671224,272039120504963
1SIMBILLE2421890,0850330078,893530305243671225,272039120504964
1SIMBILLE2421891,0850330079,893530305243671226,272039120504965
1SIMBILLE2421892,0850330080,893530305243671227,272039120504966
1SIMBILLE2421893,0850330084,893530305243671231,272039120504970
1SIMBILLE2421894,0850330087,893530305243671234,272039120504973
1SIMBILLE2421895,0850330088,893530305243671235,272039120504974
1SIMBILLE2421896,0850330090,893530305243671237,272039120504976
1SIMBILLE2421897,0850330091,893530305243671238,272039120504977
1SIMBILLE2421898,0850330092,893530305243671239,272039120504978
1SIMBILLE2421899,0850330093,893530305243671240,272039120504979
1SIMBILLE2421900,0850330094,893530305243671241,272039120504980
1SIMBILLE2421901,0850330095,893530305243671242,272039120504981
1SIMBILLE2421902,0850330096,893530305243671243,272039120504982
1SIMBILLE2421903,0850330097,893530305243671244,272039120504983
1SIMBILLE2421904,0850330098,893530305243671245,272039120504984
1SIMBILLE2421905,0850330099,893530305243671246,272039120504985