0SIMONLINA311738,0850201088,893530305243716103,272039126003339
0SIMONLINA311739,0850201089,893530305243716104,272039126003340
0SIMONLINA311740,0850201090,893530305243716105,272039126003341
0SIMONLINA311741,0850201091,893530305243716106,272039126003342
0SIMONLINA311742,0850201092,893530305243716107,272039126003343
0SIMONLINA311743,0850201093,893530305243716108,272039126003344
0SIMONLINA311744,0850201094,893530305243716109,272039126003345
0SIMONLINA311745,0850201095,893530305243716110,272039126003346
0SIMONLINA311746,0850201096,893530305243716111,272039126003347
0SIMONLINA311747,0850201097,893530305243716112,272039126003348
0SIMONLINA311748,0850201098,893530305243716113,272039126003349
0SIMONLINA311749,0850201099,893530305243716114,272039126003350
0SIMONLINA311750,0850201100,893530305243716115,272039126003351
0SIMONLINA311751,0850201101,893530305243716116,272039126003352
0SIMONLINA311752,0850201102,893530305243716117,272039126003353
0SIMONLINA311753,0850201103,893530305243716118,272039126003354
0SIMONLINA311754,0850201104,893530305243716119,272039126003355
0SIMONLINA311755,0850201105,893530305243716120,272039126003356
0SIMONLINA311756,0850201106,893530305243716121,272039126003357
0SIMONLINA311757,0850201107,893530305243716122,272039126003358
0SIMONLINA311758,0850201108,893530305243716123,272039126003359
0SIMONLINA311759,0850201109,893530305243716124,272039126003360
0SIMONLINA311760,0850201110,893530305243716125,272039126003361
0SIMONLINA311761,0850201111,893530305243716126,272039126003362
0SIMONLINA311762,0850201112,893530305243716127,272039126003363
0SIMONLINA311763,0850201113,893530305243716128,272039126003364
0SIMONLINA311764,0850201114,893530305243716129,272039126003365
0SIMONLINA311765,0850201115,893530305243716130,272039126003366
0SIMONLINA311766,0850201116,893530305243716131,272039126003367
0SIMONLINA311767,0850201117,893530305243716132,272039126003368
0SIMONLINA311768,0850201118,893530305243716133,272039126003369
0SIMONLINA311769,0850201119,893530305243716134,272039126003370
0SIMONLINA311770,0850201120,893530305243716135,272039126003371
0SIMONLINA311771,0850201121,893530305243716136,272039126003372
0SIMONLINA311772,0850201122,893530305243716137,272039126003373
0SIMONLINA311773,0850201123,893530305243716138,272039126003374
0SIMONLINA311774,0850201124,893530305243716139,272039126003375
0SIMONLINA311775,0850201125,893530305243716140,272039126003376
0SIMONLINA311776,0850201126,893530305243716141,272039126003377
0SIMONLINA311777,0850201127,893530305243716142,272039126003378
0SIMONLINA311778,0850201128,893530305243716143,272039126003379
0SIMONLINA311779,0850201129,893530305243716144,272039126003380
0SIMONLINA311780,0850201130,893530305243716145,272039126003381
0SIMONLINA311781,0850201131,893530305243716146,272039126003382
0SIMONLINA311782,0850201132,893530305243716147,272039126003383
0SIMONLINA311783,0850201133,893530305243716148,272039126003384
0SIMONLINA311784,0850201134,893530305243716149,272039126003385
0SIMONLINA311785,0850201135,893530305243716150,272039126003386
0SIMONLINA311786,0850201136,893530305243716151,272039126003387
0SIMONLINA311787,0850201137,893530305243716152,272039126003388
0SIMONLINA311788,0850201138,893530305243716153,272039126003389
0SIMONLINA311789,0850201139,893530305243716154,272039126003390
0SIMONLINA311790,0850201140,893530305243716155,272039126003391
0SIMONLINA311791,0850201141,893530305243716156,272039126003392
0SIMONLINA311792,0850201142,893530305243716157,272039126003393
0SIMONLINA311793,0850201143,893530305243716158,272039126003394
0SIMONLINA311794,0850201144,893530305243716159,272039126003395
0SIMONLINA311795,0850201145,893530305243716160,272039126003396
0SIMONLINA311796,0850201146,893530305243716161,272039126003397
0SIMONLINA311797,0850201147,893530305243716162,272039126003398
0SIMONLINA311798,0850201148,893530305243716163,272039126003399
0SIMONLINA311799,0850201149,893530305243716164,272039126003400
0SIMONLINA311800,0850201150,893530305243716165,272039126003401
0SIMONLINA311801,0850201151,893530305243716166,272039126003402
0SIMONLINA311802,0850201152,893530305243716167,272039126003403
0SIMONLINA311803,0850201153,893530305243716168,272039126003404
0SIMONLINA311804,0850201154,893530305243716169,272039126003405
0SIMONLINA311805,0850201155,893530305243716170,272039126003406
0SIMONLINA311806,0850201156,893530305243716171,272039126003407
0SIMONLINA311807,0850201157,893530305243716172,272039126003408
0SIMONLINA311808,0850201158,893530305243716173,272039126003409
0SIMONLINA311809,0850201159,893530305243716174,272039126003410
0SIMONLINA311810,0850201160,893530305243716175,272039126003411
0SIMONLINA311811,0850201161,893530305243716176,272039126003412
0SIMONLINA311812,0850201162,893530305243716177,272039126003413
0SIMONLINA311813,0850201163,893530305243716178,272039126003414
0SIMONLINA311814,0850201164,893530305243716179,272039126003415
0SIMONLINA311815,0850201165,893530305243716180,272039126003416
0SIMONLINA311816,0850201166,893530305243716181,272039126003417
0SIMONLINA311817,0850201167,893530305243716182,272039126003418
0SIMONLINA311818,0850201168,893530305243716183,272039126003419
0SIMONLINA311819,0850201169,893530305243716184,272039126003420
0SIMONLINA311820,0850201170,893530305243716185,272039126003421
0SIMONLINA311821,0850201171,893530305243716186,272039126003422
0SIMONLINA311822,0850201172,893530305243716187,272039126003423
0SIMONLINA311823,0850201173,893530305243716188,272039126003424
0SIMONLINA311824,0850201174,893530305243716189,272039126003425
0SIMONLINA311825,0850201175,893530305243716190,272039126003426
0SIMONLINA311826,0850201176,893530305243716191,272039126003427
0SIMONLINA311827,0850201177,893530305243716192,272039126003428
0SIMONLINA311828,0850201178,893530305243716193,272039126003429
0SIMONLINA311829,0850201179,893530305243716194,272039126003430
0SIMONLINA311830,0850201180,893530305243716195,272039126003431
0SIMONLINA311831,0850201181,893530305243716196,272039126003432
0SIMONLINA311832,0850201182,893530305243716197,272039126003433
0SIMONLINA311833,0850201183,893530305243716198,272039126003434
0SIMONLINA311834,0850201184,893530305243716199,272039126003435
0SIMONLINA311835,0850201185,893530305243716200,272039126003436
0SIMONLINA311836,0850201186,893530305243716201,272039126003437
0SIMONLINA311837,0850201187,893530305243716202,272039126003438
0SIMONLINA311838,0850201188,893530305243716203,272039126003439
0SIMONLINA311839,0850201189,893530305243716204,272039126003440
0SIMONLINA311840,0850201190,893530305243716205,272039126003441
0SIMONLINA311841,0850201191,893530305243716206,272039126003442
0SIMONLINA311842,0850201192,893530305243716207,272039126003443
0SIMONLINA311843,0850201193,893530305243716208,272039126003444
0SIMONLINA311844,0850201194,893530305243716209,272039126003445
0SIMONLINA311845,0850201195,893530305243716210,272039126003446
0SIMONLINA311846,0850201196,893530305243716211,272039126003447
0SIMONLINA311847,0850201197,893530305243716212,272039126003448
0SIMONLINA311848,0850201198,893530305243716213,272039126003449
0SIMONLINA311849,0850201199,893530305243716214,272039126003450
0SIMONLINA311850,0850201200,893530305243716215,272039126003451
0SIMONLINA311851,0850201201,893530305243716216,272039126003452
0SIMONLINA311852,0850201202,893530305243716217,272039126003453
0SIMONLINA311853,0850201203,893530305243716218,272039126003454
0SIMONLINA311854,0850201204,893530305243716219,272039126003455
0SIMONLINA311855,0850201205,893530305243716220,272039126003456
0SIMONLINA311856,0850201206,893530305243716221,272039126003457
0SIMONLINA311857,0850201207,893530305243716222,272039126003458
0SIMONLINA311858,0850201208,893530305243716223,272039126003459
0SIMONLINA311859,0850201209,893530305243716224,272039126003460
0SIMONLINA311860,0850201210,893530305243716225,272039126003461
0SIMONLINA311861,0850201211,893530305243716226,272039126003462
0SIMONLINA311862,0850201212,893530305243716227,272039126003463
0SIMONLINA311863,0850201213,893530305243716228,272039126003464
0SIMONLINA311864,0850201214,893530305243716229,272039126003465
0SIMONLINA311865,0850201215,893530305243716230,272039126003466
0SIMONLINA311866,0850201216,893530305243716231,272039126003467
0SIMONLINA311867,0850201217,893530305243716232,272039126003468
0SIMONLINA311868,0850201218,893530305243716233,272039126003469
0SIMONLINA311869,0850201219,893530305243716234,272039126003470
0SIMONLINA311870,0850201220,893530305243716235,272039126003471
0SIMONLINA311871,0850201221,893530305243716236,272039126003472
0SIMONLINA311872,0850201222,893530305243716237,272039126003473
0SIMONLINA311873,0850201223,893530305243716238,272039126003474
0SIMONLINA311874,0850201224,893530305243716239,272039126003475
0SIMONLINA311875,0850201225,893530305243716240,272039126003476
0SIMONLINA311876,0850201226,893530305243716241,272039126003477
0SIMONLINA311877,0850201227,893530305243716242,272039126003478
0SIMONLINA311878,0850201228,893530305243716243,272039126003479
0SIMONLINA311879,0850201229,893530305243716244,272039126003480
0SIMONLINA311880,0850201230,893530305243716245,272039126003481
0SIMONLINA311881,0850201231,893530305243716246,272039126003482
0SIMONLINA311882,0850201232,893530305243716247,272039126003483
0SIMONLINA311883,0850201233,893530305243716248,272039126003484
0SIMONLINA311884,0850201234,893530305243716249,272039126003485
0SIMONLINA311885,0850201235,893530305243716250,272039126003486
0SIMONLINA311886,0850201236,893530305243716251,272039126003487
0SIMONLINA311887,0850201237,893530305243716252,272039126003488
0SIMONLINA311888,0850201238,893530305243716253,272039126003489
0SIMONLINA311889,0850201239,893530305243716254,272039126003490
0SIMONLINA311890,0850201240,893530305243716255,272039126003491
0SIMONLINA311891,0850201241,893530305243716256,272039126003492
0SIMONLINA311892,0850201242,893530305243716257,272039126003493
0SIMONLINA311893,0850201243,893530305243716258,272039126003494
0SIMONLINA311894,0850201244,893530305243716259,272039126003495
0SIMONLINA311895,0850201245,893530305243716260,272039126003496
0SIMONLINA311896,0850201246,893530305243716261,272039126003497
0SIMONLINA311897,0850201247,893530305243716262,272039126003498
0SIMONLINA311898,0850201248,893530305243716263,272039126003499
0SIMONLINA311899,0850201249,893530305243716264,272039126003500
0SIMONLINA311900,0850201250,893530305243716265,272039126003501
0SIMONLINA311901,0850201251,893530305243716266,272039126003502
0SIMONLINA311902,0850201252,893530305243716267,272039126003503
0SIMONLINA311903,0850201253,893530305243716268,272039126003504
0SIMONLINA311904,0850201254,893530305243716269,272039126003505
0SIMONLINA311905,0850201255,893530305243716270,272039126003506
0SIMONLINA311906,0850201256,893530305243716271,272039126003507
0SIMONLINA311907,0850201257,893530305243716272,272039126003508
0SIMONLINA311908,0850201258,893530305243716273,272039126003509
0SIMONLINA311909,0850201259,893530305243716274,272039126003510
0SIMONLINA311910,0850201260,893530305243716275,272039126003511
0SIMONLINA311911,0850201261,893530305243716276,272039126003512
0SIMONLINA311912,0850201262,893530305243716277,272039126003513
0SIMONLINA311913,0850201263,893530305243716278,272039126003514
0SIMONLINA311914,0850201264,893530305243716279,272039126003515
0SIMONLINA311915,0850201265,893530305243716280,272039126003516
0SIMONLINA311916,0850201266,893530305243716281,272039126003517
0SIMONLINA311917,0850201267,893530305243716282,272039126003518
0SIMONLINA311918,0850201268,893530305243716283,272039126003519
0SIMONLINA311919,0850201269,893530305243716284,272039126003520
0SIMONLINA311920,0850201270,893530305243716285,272039126003521
0SIMONLINA311921,0850201271,893530305243716286,272039126003522
0SIMONLINA311922,0850201272,893530305243716287,272039126003523
0SIMONLINA311923,0850201273,893530305243716288,272039126003524
0SIMONLINA311924,0850201274,893530305243716289,272039126003525
0SIMONLINA311925,0850201275,893530305243716290,272039126003526
0SIMONLINA311926,0850201276,893530305243716291,272039126003527
0SIMONLINA311927,0850201277,893530305243716292,272039126003528
0SIMONLINA311928,0850201278,893530305243716293,272039126003529
0SIMONLINA311929,0850201279,893530305243716294,272039126003530
0SIMONLINA311930,0850201280,893530305243716295,272039126003531
0SIMONLINA311931,0850201281,893530305243716296,272039126003532
0SIMONLINA311932,0850201282,893530305243716297,272039126003533
0SIMONLINA311933,0850201283,893530305243716298,272039126003534
0SIMONLINA311934,0850201284,893530305243716299,272039126003535
0SIMONLINA311935,0850201285,893530305243716300,272039126003536
0SIMONLINA311936,0850201286,893530305243716301,272039126003537
0SIMONLINA311937,0850201287,893530305243716302,272039126003538
0SIMONLINA311938,0850201288,893530305243716303,272039126003539
0SIMONLINA311939,0850201289,893530305243716304,272039126003540
0SIMONLINA311940,0850201290,893530305243716305,272039126003541
0SIMONLINA311941,0850201291,893530305243716306,272039126003542
0SIMONLINA311942,0850201292,893530305243716307,272039126003543
0SIMONLINA311943,0850201293,893530305243716308,272039126003544
0SIMONLINA311944,0850201294,893530305243716309,272039126003545
0SIMONLINA311945,0850201295,893530305243716310,272039126003546
0SIMONLINA311946,0850201296,893530305243716311,272039126003547
0SIMONLINA311947,0850201297,893530305243716312,272039126003548
0SIMONLINA311948,0850201298,893530305243716313,272039126003549
0SIMONLINA311949,0850201299,893530305243716314,272039126003550
0SIMONLINA311950,0850201300,893530305243716315,272039126003551
0SIMONLINA311951,0850201301,893530305243716316,272039126003552
0SIMONLINA311952,0850201302,893530305243716317,272039126003553
0SIMONLINA311953,0850201303,893530305243716318,272039126003554
0SIMONLINA311954,0850201304,893530305243716319,272039126003555
0SIMONLINA311955,0850201305,893530305243716320,272039126003556
0SIMONLINA311956,0850201306,893530305243716321,272039126003557
0SIMONLINA311957,0850201307,893530305243716322,272039126003558
0SIMONLINA311958,0850201308,893530305243716323,272039126003559
0SIMONLINA311959,0850201309,893530305243716324,272039126003560
0SIMONLINA311960,0850201310,893530305243716325,272039126003561
0SIMONLINA311961,0850201311,893530305243716326,272039126003562
0SIMONLINA311962,0850201312,893530305243716327,272039126003563
0SIMONLINA311963,0850201313,893530305243716328,272039126003564
0SIMONLINA311964,0850201314,893530305243716329,272039126003565
0SIMONLINA311965,0850201315,893530305243716330,272039126003566
0SIMONLINA311966,0850201316,893530305243716331,272039126003567
0SIMONLINA311967,0850201317,893530305243716332,272039126003568
0SIMONLINA311968,0850201318,893530305243716333,272039126003569
0SIMONLINA311969,0850201319,893530305243716334,272039126003570
0SIMONLINA311970,0850201320,893530305243716335,272039126003571
0SIMONLINA311971,0850201321,893530305243716336,272039126003572
0SIMONLINA311972,0850201322,893530305243716337,272039126003573
0SIMONLINA311973,0850201323,893530305243716338,272039126003574
0SIMONLINA311974,0850201324,893530305243716339,272039126003575
0SIMONLINA311975,0850201325,893530305243716340,272039126003576
0SIMONLINA311976,0850201326,893530305243716341,272039126003577
0SIMONLINA311977,0850201327,893530305243716342,272039126003578
0SIMONLINA311978,0850201328,893530305243716343,272039126003579
0SIMONLINA311979,0850201329,893530305243716344,272039126003580
0SIMONLINA311980,0850201330,893530305243716345,272039126003581
0SIMONLINA311981,0850201331,893530305243716346,272039126003582
0SIMONLINA311982,0850201332,893530305243716347,272039126003583
0SIMONLINA311983,0850201333,893530305243716348,272039126003584
0SIMONLINA311984,0850201334,893530305243716349,272039126003585
0SIMONLINA311985,0850201335,893530305243716350,272039126003586
0SIMONLINA311986,0850201336,893530305243716351,272039126003587
0SIMONLINA311987,0850201337,893530305243716352,272039126003588
0SIMONLINA311988,0850201338,893530305243716353,272039126003589
0SIMONLINA311989,0850201339,893530305243716354,272039126003590
0SIMONLINA311990,0850201340,893530305243716355,272039126003591
0SIMONLINA311991,0850201341,893530305243716356,272039126003592
0SIMONLINA311992,0850201342,893530305243716357,272039126003593
0SIMONLINA311993,0850201343,893530305243716358,272039126003594
0SIMONLINA311994,0850201344,893530305243716359,272039126003595
0SIMONLINA311995,0850201345,893530305243716360,272039126003596
0SIMONLINA311996,0850201346,893530305243716361,272039126003597
0SIMONLINA311997,0850201347,893530305243716362,272039126003598
0SIMONLINA311998,0850201348,893530305243716363,272039126003599
0SIMONLINA311999,0850201349,893530305243716364,272039126003600
0SIMONLINA312000,0850201350,893530305243716365,272039126003601
0SIMONLINA312001,0850201351,893530305243716366,272039126003602
0SIMONLINA312002,0850201352,893530305243716367,272039126003603
0SIMONLINA312003,0850201353,893530305243716368,272039126003604
0SIMONLINA312004,0850201354,893530305243716369,272039126003605
0SIMONLINA312005,0850201355,893530305243716370,272039126003606
0SIMONLINA312006,0850201356,893530305243716371,272039126003607
0SIMONLINA312007,0850201357,893530305243716372,272039126003608
0SIMONLINA312008,0850201358,893530305243716373,272039126003609
0SIMONLINA312009,0850201359,893530305243716374,272039126003610
0SIMONLINA312010,0850201360,893530305243716375,272039126003611
0SIMONLINA312011,0850201361,893530305243716376,272039126003612
0SIMONLINA312012,0850201362,893530305243716377,272039126003613
0SIMONLINA312013,0850201363,893530305243716378,272039126003614
0SIMONLINA312014,0850201364,893530305243716379,272039126003615
0SIMONLINA312015,0850201365,893530305243716380,272039126003616
0SIMONLINA312016,0850201366,893530305243716381,272039126003617
0SIMONLINA312017,0850201367,893530305243716382,272039126003618
0SIMONLINA312018,0850201368,893530305243716383,272039126003619
0SIMONLINA312019,0850201369,893530305243716384,272039126003620
0SIMONLINA312020,0850201370,893530305243716385,272039126003621
0SIMONLINA312021,0850201371,893530305243716386,272039126003622
0SIMONLINA312022,0850201372,893530305243716387,272039126003623
0SIMONLINA312023,0850201373,893530305243716388,272039126003624
0SIMONLINA312024,0850201374,893530305243716389,272039126003625
0SIMONLINA312025,0850201375,893530305243716390,272039126003626
0SIMONLINA312026,0850201376,893530305243716391,272039126003627
0SIMONLINA312027,0850201377,893530305243716392,272039126003628
0SIMONLINA312028,0850201378,893530305243716393,272039126003629
0SIMONLINA312029,0850201379,893530305243716394,272039126003630
0SIMONLINA312030,0850201380,893530305243716395,272039126003631
0SIMONLINA312031,0850201381,893530305243716396,272039126003632
0SIMONLINA312032,0850201382,893530305243716397,272039126003633
0SIMONLINA312033,0850201383,893530305243716398,272039126003634
0SIMONLINA312034,0850201384,893530305243716399,272039126003635
0SIMONLINA312035,0850201385,893530305243716400,272039126003636
0SIMONLINA312036,0850201386,893530305243716401,272039126003637
0SIMONLINA312037,0850201387,893530305243716402,272039126003638
0SIMONLINA312038,0850201388,893530305243716403,272039126003639
0SIMONLINA312039,0850201389,893530305243716404,272039126003640
0SIMONLINA312040,0850201390,893530305243716405,272039126003641
0SIMONLINA312041,0850201391,893530305243716406,272039126003642
0SIMONLINA312042,0850201392,893530305243716407,272039126003643
0SIMONLINA312043,0850201393,893530305243716408,272039126003644
0SIMONLINA312044,0850201394,893530305243716409,272039126003645
0SIMONLINA312045,0850201395,893530305243716410,272039126003646
0SIMONLINA312046,0850201396,893530305243716411,272039126003647
0SIMONLINA312047,0850201397,893530305243716412,272039126003648
0SIMONLINA312048,0850201398,893530305243716413,272039126003649
0SIMONLINA312049,0850201399,893530305243716414,272039126003650
0SIMONLINA312050,0850201400,893530305243716415,272039126003651
0SIMONLINA312051,0850201401,893530305243716416,272039126003652
0SIMONLINA312052,0850201402,893530305243716417,272039126003653
0SIMONLINA312053,0850201403,893530305243716418,272039126003654
0SIMONLINA312054,0850201404,893530305243716419,272039126003655
0SIMONLINA312055,0850201405,893530305243716420,272039126003656
0SIMONLINA312056,0850201406,893530305243716421,272039126003657
0SIMONLINA312057,0850201407,893530305243716422,272039126003658
0SIMONLINA312058,0850201408,893530305243716423,272039126003659
0SIMONLINA312059,0850201409,893530305243716424,272039126003660
0SIMONLINA312060,0850201410,893530305243716425,272039126003661
0SIMONLINA312061,0850201411,893530305243716426,272039126003662
0SIMONLINA312062,0850201412,893530305243716427,272039126003663
0SIMONLINA312063,0850201413,893530305243716428,272039126003664
0SIMONLINA312064,0850201414,893530305243716429,272039126003665
0SIMONLINA312065,0850201415,893530305243716430,272039126003666
0SIMONLINA312066,0850201416,893530305243716431,272039126003667
0SIMONLINA312067,0850201417,893530305243716432,272039126003668
0SIMONLINA312068,0850201418,893530305243716433,272039126003669
0SIMONLINA312069,0850201419,893530305243716434,272039126003670
0SIMONLINA312070,0850201420,893530305243716435,272039126003671
0SIMONLINA312071,0850201421,893530305243716436,272039126003672
0SIMONLINA312072,0850201422,893530305243716437,272039126003673
0SIMONLINA312073,0850201423,893530305243716438,272039126003674
0SIMONLINA312074,0850201424,893530305243716439,272039126003675
0SIMONLINA312075,0850201425,893530305243716440,272039126003676
0SIMONLINA312076,0850201426,893530305243716441,272039126003677
0SIMONLINA312077,0850201427,893530305243716442,272039126003678
0SIMONLINA312078,0850201428,893530305243716443,272039126003679
0SIMONLINA312079,0850201429,893530305243716444,272039126003680
0SIMONLINA312080,0850201430,893530305243716445,272039126003681
0SIMONLINA312081,0850201431,893530305243716446,272039126003682
0SIMONLINA312082,0850201432,893530305243716447,272039126003683
0SIMONLINA312083,0850201433,893530305243716448,272039126003684
0SIMONLINA312084,0850201434,893530305243716449,272039126003685
0SIMONLINA312085,0850201435,893530305243716450,272039126003686
0SIMONLINA312086,0850201436,893530305243716451,272039126003687
0SIMONLINA312087,0850201437,893530305243716452,272039126003688
0SIMONLINA312088,0850201438,893530305243716453,272039126003689
0SIMONLINA312089,0850201439,893530305243716454,272039126003690
0SIMONLINA312090,0850201440,893530305243716455,272039126003691
0SIMONLINA312091,0850201441,893530305243716456,272039126003692
0SIMONLINA312092,0850201442,893530305243716457,272039126003693
0SIMONLINA312093,0850201443,893530305243716458,272039126003694
0SIMONLINA312094,0850201444,893530305243716459,272039126003695
0SIMONLINA312095,0850201445,893530305243716460,272039126003696
0SIMONLINA312096,0850201446,893530305243716461,272039126003697
0SIMONLINA312097,0850201447,893530305243716462,272039126003698
0SIMONLINA312098,0850201448,893530305243716463,272039126003699
0SIMONLINA312099,0850201449,893530305243716464,272039126003700
0SIMONLINA312100,0850201450,893530305243716465,272039126003701
0SIMONLINA312101,0850201451,893530305243716466,272039126003702
0SIMONLINA312102,0850201452,893530305243716467,272039126003703
0SIMONLINA312103,0850201453,893530305243716468,272039126003704
0SIMONLINA312104,0850201454,893530305243716469,272039126003705
0SIMONLINA312105,0850201455,893530305243716470,272039126003706
0SIMONLINA312106,0850201456,893530305243716471,272039126003707
0SIMONLINA312107,0850201457,893530305243716472,272039126003708
0SIMONLINA312108,0850201458,893530305243716473,272039126003709
0SIMONLINA312109,0850201459,893530305243716474,272039126003710
0SIMONLINA312110,0850201460,893530305243716475,272039126003711
0SIMONLINA312111,0850201461,893530305243716476,272039126003712
0SIMONLINA312112,0850201462,893530305243716477,272039126003713
0SIMONLINA312113,0850201463,893530305243716478,272039126003714
0SIMONLINA312114,0850201464,893530305243716479,272039126003715
0SIMONLINA312115,0850201465,893530305243716480,272039126003716
0SIMONLINA312116,0850201466,893530305243716481,272039126003717
0SIMONLINA312117,0850201467,893530305243716482,272039126003718
0SIMONLINA312118,0850201468,893530305243716483,272039126003719
0SIMONLINA312119,0850201469,893530305243716484,272039126003720
0SIMONLINA312120,0850201470,893530305243716485,272039126003721
0SIMONLINA312121,0850201471,893530305243716486,272039126003722
0SIMONLINA312122,0850201472,893530305243716487,272039126003723
0SIMONLINA312123,0850201473,893530305243716488,272039126003724
0SIMONLINA312124,0850201474,893530305243716489,272039126003725
0SIMONLINA312125,0850201475,893530305243716490,272039126003726
0SIMONLINA312126,0850201476,893530305243716491,272039126003727
0SIMONLINA312127,0850201477,893530305243716492,272039126003728
0SIMONLINA312128,0850201478,893530305243716493,272039126003729
0SIMONLINA312129,0850201479,893530305243716494,272039126003730
0SIMONLINA312130,0850201480,893530305243716495,272039126003731
0SIMONLINA312131,0850201481,893530305243716496,272039126003732
0SIMONLINA312132,0850201482,893530305243716497,272039126003733
0SIMONLINA312133,0850201483,893530305243716498,272039126003734
0SIMONLINA312134,0850201484,893530305243716499,272039126003735
0SIMONLINA312135,0850201485,893530305243716500,272039126003736
0SIMONLINA312136,0850201486,893530305243716501,272039126003737
0SIMONLINA312137,0850201487,893530305243716502,272039126003738
0SIMONLINA312138,0850201488,893530305243716503,272039126003739
0SIMONLINA312139,0850201489,893530305243716504,272039126003740
0SIMONLINA312140,0850201490,893530305243716505,272039126003741
0SIMONLINA312141,0850201491,893530305243716506,272039126003742
0SIMONLINA312142,0850201492,893530305243716507,272039126003743
0SIMONLINA312143,0850201493,893530305243716508,272039126003744
0SIMONLINA312144,0850201494,893530305243716509,272039126003745
0SIMONLINA312145,0850201495,893530305243716510,272039126003746
0SIMONLINA312146,0850201496,893530305243716511,272039126003747
0SIMONLINA312147,0850201497,893530305243716512,272039126003748
0SIMONLINA312148,0850201498,893530305243716513,272039126003749
0SIMONLINA312149,0850201499,893530305243716514,272039126003750
0SIMONLINA312150,0850201500,893530305243716515,272039126003751
0SIMONLINA312151,0850201501,893530305243716516,272039126003752
0SIMONLINA312152,0850201502,893530305243716517,272039126003753
0SIMONLINA312153,0850201503,893530305243716518,272039126003754
0SIMONLINA312154,0850201504,893530305243716519,272039126003755
0SIMONLINA312155,0850201505,893530305243716520,272039126003756
0SIMONLINA312156,0850201506,893530305243716521,272039126003757
0SIMONLINA312157,0850201507,893530305243716522,272039126003758
0SIMONLINA312158,0850201508,893530305243716523,272039126003759
0SIMONLINA312159,0850201509,893530305243716524,272039126003760
0SIMONLINA312160,0850201510,893530305243716525,272039126003761
0SIMONLINA312161,0850201511,893530305243716526,272039126003762
0SIMONLINA312162,0850201512,893530305243716527,272039126003763
0SIMONLINA312163,0850201513,893530305243716528,272039126003764
0SIMONLINA312164,0850201514,893530305243716529,272039126003765
0SIMONLINA312165,0850201515,893530305243716530,272039126003766
0SIMONLINA312166,0850201516,893530305243716531,272039126003767
0SIMONLINA312167,0850201517,893530305243716532,272039126003768
0SIMONLINA312168,0850201518,893530305243716533,272039126003769
0SIMONLINA312169,0850201519,893530305243716534,272039126003770
0SIMONLINA312170,0850201520,893530305243716535,272039126003771
0SIMONLINA312171,0850201521,893530305243716536,272039126003772
0SIMONLINA312172,0850201522,893530305243716537,272039126003773
0SIMONLINA312173,0850201523,893530305243716538,272039126003774
0SIMONLINA312174,0850201524,893530305243716539,272039126003775
0SIMONLINA312175,0850201525,893530305243716540,272039126003776
0SIMONLINA312176,0850201526,893530305243716541,272039126003777
0SIMONLINA312177,0850201527,893530305243716542,272039126003778
0SIMONLINA312178,0850201528,893530305243716543,272039126003779
0SIMONLINA312179,0850201529,893530305243716544,272039126003780
0SIMONLINA312180,0850201530,893530305243716545,272039126003781
0SIMONLINA312181,0850201531,893530305243716546,272039126003782
0SIMONLINA312182,0850201532,893530305243716547,272039126003783
0SIMONLINA312183,0850201533,893530305243716548,272039126003784
0SIMONLINA312184,0850201534,893530305243716549,272039126003785
0SIMONLINA312185,0850201535,893530305243716550,272039126003786
0SIMONLINA312186,0850201536,893530305243716551,272039126003787
0SIMONLINA312187,0850201537,893530305243716552,272039126003788
0SIMONLINA312188,0850201538,893530305243716553,272039126003789
0SIMONLINA312189,0850201539,893530305243716554,272039126003790
0SIMONLINA312190,0850201540,893530305243716555,272039126003791
0SIMONLINA312191,0850201541,893530305243716556,272039126003792
0SIMONLINA312192,0850201542,893530305243716557,272039126003793
0SIMONLINA312193,0850201543,893530305243716558,272039126003794
0SIMONLINA312194,0850201544,893530305243716559,272039126003795
0SIMONLINA312195,0850201545,893530305243716560,272039126003796
0SIMONLINA312196,0850201546,893530305243716561,272039126003797
0SIMONLINA312197,0850201547,893530305243716562,272039126003798
0SIMONLINA312198,0850201548,893530305243716563,272039126003799
0SIMONLINA312199,0850201549,893530305243716564,272039126003800
0SIMONLINA312200,0850201550,893530305243716565,272039126003801
0SIMONLINA312201,0850201551,893530305243716566,272039126003802
0SIMONLINA312202,0850201552,893530305243716567,272039126003803
0SIMONLINA312203,0850201553,893530305243716568,272039126003804
0SIMONLINA312204,0850201554,893530305243716569,272039126003805
0SIMONLINA312205,0850201555,893530305243716570,272039126003806
0SIMONLINA312206,0850201556,893530305243716571,272039126003807
0SIMONLINA312207,0850201557,893530305243716572,272039126003808
0SIMONLINA312208,0850201558,893530305243716573,272039126003809
0SIMONLINA312209,0850201559,893530305243716574,272039126003810
0SIMONLINA312210,0850201560,893530305243716575,272039126003811
0SIMONLINA312211,0850201561,893530305243716576,272039126003812
0SIMONLINA312212,0850201562,893530305243716577,272039126003813
0SIMONLINA312213,0850201563,893530305243716578,272039126003814
0SIMONLINA312214,0850201564,893530305243716579,272039126003815
0SIMONLINA312215,0850201565,893530305243716580,272039126003816
0SIMONLINA312216,0850201566,893530305243716581,272039126003817
0SIMONLINA312217,0850201567,893530305243716582,272039126003818
0SIMONLINA312218,0850201568,893530305243716583,272039126003819
0SIMONLINA312219,0850201569,893530305243716584,272039126003820
0SIMONLINA312220,0850201570,893530305243716585,272039126003821
0SIMONLINA312221,0850201571,893530305243716586,272039126003822
0SIMONLINA312222,0850201572,893530305243716587,272039126003823
0SIMONLINA312223,0850201573,893530305243716588,272039126003824
0SIMONLINA312224,0850201574,893530305243716589,272039126003825
0SIMONLINA312225,0850201575,893530305243716590,272039126003826
0SIMONLINA312226,0850201576,893530305243716591,272039126003827
0SIMONLINA312227,0850201577,893530305243716592,272039126003828
0SIMONLINA312228,0850201578,893530305243716593,272039126003829
0SIMONLINA312229,0850201579,893530305243716594,272039126003830
0SIMONLINA312230,0850201580,893530305243716595,272039126003831
0SIMONLINA312231,0850201581,893530305243716596,272039126003832
0SIMONLINA312232,0850201582,893530305243716597,272039126003833
0SIMONLINA312233,0850201583,893530305243716598,272039126003834
0SIMONLINA312234,0850201584,893530305243716599,272039126003835
0SIMONLINA312235,0850201585,893530305243716600,272039126003836
0SIMONLINA312236,0850201586,893530305243716601,272039126003837
0SIMONLINA312237,0850201587,893530305243716602,272039126003838
0SIMONLINA312238,0850201588,893530305243716603,272039126003839
0SIMONLINA312239,0850201589,893530305243716604,272039126003840
0SIMONLINA312240,0850201590,893530305243716605,272039126003841
0SIMONLINA312241,0850201591,893530305243716606,272039126003842
0SIMONLINA312242,0850201592,893530305243716607,272039126003843
0SIMONLINA312243,0850201593,893530305243716608,272039126003844
0SIMONLINA312244,0850201594,893530305243716609,272039126003845
0SIMONLINA312245,0850201595,893530305243716610,272039126003846
0SIMONLINA312246,0850201596,893530305243716611,272039126003847
0SIMONLINA312247,0850201597,893530305243716612,272039126003848
0SIMONLINA312248,0850201598,893530305243716613,272039126003849
0SIMONLINA312249,0850201599,893530305243716614,272039126003850
0SIMONLINA312250,0850201600,893530305243716615,272039126003851
0SIMONLINA312251,0850201601,893530305243716616,272039126003852
0SIMONLINA312252,0850201602,893530305243716617,272039126003853
0SIMONLINA312253,0850201603,893530305243716618,272039126003854
0SIMONLINA312254,0850201604,893530305243716619,272039126003855
0SIMONLINA312255,0850201605,893530305243716620,272039126003856
0SIMONLINA312256,0850201606,893530305243716621,272039126003857
0SIMONLINA312257,0850201607,893530305243716622,272039126003858
0SIMONLINA312258,0850201608,893530305243716623,272039126003859
0SIMONLINA312259,0850201609,893530305243716624,272039126003860
0SIMONLINA312260,0850201610,893530305243716625,272039126003861
0SIMONLINA312261,0850201611,893530305243716626,272039126003862
0SIMONLINA312262,0850201612,893530305243716627,272039126003863
0SIMONLINA312263,0850201613,893530305243716628,272039126003864
0SIMONLINA312264,0850201614,893530305243716629,272039126003865
0SIMONLINA312265,0850201615,893530305243716630,272039126003866
0SIMONLINA312266,0850201616,893530305243716631,272039126003867
0SIMONLINA312267,0850201617,893530305243716632,272039126003868
0SIMONLINA312268,0850201618,893530305243716633,272039126003869
0SIMONLINA312269,0850201619,893530305243716634,272039126003870
0SIMONLINA312270,0850201620,893530305243716635,272039126003871
0SIMONLINA312271,0850201621,893530305243716636,272039126003872
0SIMONLINA312272,0850201622,893530305243716637,272039126003873
0SIMONLINA312273,0850201623,893530305243716638,272039126003874
0SIMONLINA312274,0850201624,893530305243716639,272039126003875
0SIMONLINA312275,0850201625,893530305243716640,272039126003876
0SIMONLINA312276,0850201626,893530305243716641,272039126003877
0SIMONLINA312277,0850201627,893530305243716642,272039126003878
0SIMONLINA312278,0850201628,893530305243716643,272039126003879
0SIMONLINA312279,0850201629,893530305243716644,272039126003880
0SIMONLINA312280,0850201630,893530305243716645,272039126003881
0SIMONLINA312281,0850201631,893530305243716646,272039126003882
0SIMONLINA312282,0850201632,893530305243716647,272039126003883
0SIMONLINA312283,0850201633,893530305243716648,272039126003884
0SIMONLINA312284,0850201634,893530305243716649,272039126003885
0SIMONLINA312285,0850201635,893530305243716650,272039126003886
0SIMONLINA312286,0850201636,893530305243716651,272039126003887
0SIMONLINA312287,0850201637,893530305243716652,272039126003888
0SIMONLINA312288,0850201638,893530305243716653,272039126003889
0SIMONLINA312289,0850201639,893530305243716654,272039126003890
0SIMONLINA312290,0850201640,893530305243716655,272039126003891
0SIMONLINA312291,0850201641,893530305243716656,272039126003892
0SIMONLINA312292,0850201642,893530305243716657,272039126003893
0SIMONLINA312293,0850201643,893530305243716658,272039126003894
0SIMONLINA312294,0850201644,893530305243716659,272039126003895
0SIMONLINA312295,0850201645,893530305243716660,272039126003896
0SIMONLINA312296,0850201646,893530305243716661,272039126003897
0SIMONLINA312297,0850201647,893530305243716662,272039126003898
0SIMONLINA312298,0850201648,893530305243716663,272039126003899
0SIMONLINA312299,0850201649,893530305243716664,272039126003900
0SIMONLINA312300,0850201650,893530305243716665,272039126003901
0SIMONLINA312301,0850201651,893530305243716666,272039126003902
0SIMONLINA312302,0850201652,893530305243716667,272039126003903
0SIMONLINA312303,0850201653,893530305243716668,272039126003904
0SIMONLINA312304,0850201654,893530305243716669,272039126003905
0SIMONLINA312305,0850201655,893530305243716670,272039126003906
0SIMONLINA312306,0850201656,893530305243716671,272039126003907
0SIMONLINA312307,0850201657,893530305243716672,272039126003908
0SIMONLINA312308,0850201658,893530305243716673,272039126003909
0SIMONLINA312309,0850201659,893530305243716674,272039126003910
0SIMONLINA312310,0850201660,893530305243716675,272039126003911
0SIMONLINA312311,0850201661,893530305243716676,272039126003912
0SIMONLINA312312,0850201662,893530305243716677,272039126003913
0SIMONLINA312313,0850201663,893530305243716678,272039126003914
0SIMONLINA312314,0850201664,893530305243716679,272039126003915
0SIMONLINA312315,0850201665,893530305243716680,272039126003916
0SIMONLINA312316,0850201666,893530305243716681,272039126003917
0SIMONLINA312317,0850201667,893530305243716682,272039126003918
0SIMONLINA312318,0850201668,893530305243716683,272039126003919
0SIMONLINA312319,0850201669,893530305243716684,272039126003920
0SIMONLINA312320,0850201670,893530305243716685,272039126003921
0SIMONLINA312321,0850201671,893530305243716686,272039126003922
0SIMONLINA312322,0850201672,893530305243716687,272039126003923
0SIMONLINA312323,0850201673,893530305243716688,272039126003924
0SIMONLINA312324,0850201674,893530305243716689,272039126003925
0SIMONLINA312325,0850201675,893530305243716690,272039126003926
0SIMONLINA312326,0850201676,893530305243716691,272039126003927
0SIMONLINA312327,0850201677,893530305243716692,272039126003928
0SIMONLINA312328,0850201678,893530305243716693,272039126003929
0SIMONLINA312329,0850201679,893530305243716694,272039126003930
0SIMONLINA312330,0850201680,893530305243716695,272039126003931
0SIMONLINA312331,0850201681,893530305243716696,272039126003932
0SIMONLINA312332,0850201682,893530305243716697,272039126003933
0SIMONLINA312333,0850201683,893530305243716698,272039126003934
0SIMONLINA312334,0850201684,893530305243716699,272039126003935
0SIMONLINA312335,0850201685,893530305243716700,272039126003936
0SIMONLINA312336,0850201686,893530305243716701,272039126003937
0SIMONLINA312337,0850201687,893530305243716702,272039126003938
0SIMONLINA312338,0850201688,893530305243716703,272039126003939
0SIMONLINA312339,0850201689,893530305243716704,272039126003940
0SIMONLINA312340,0850201690,893530305243716705,272039126003941
0SIMONLINA312341,0850201691,893530305243716706,272039126003942
0SIMONLINA312342,0850201692,893530305243716707,272039126003943
0SIMONLINA312343,0850201693,893530305243716708,272039126003944
0SIMONLINA312344,0850201694,893530305243716709,272039126003945
0SIMONLINA312345,0850201695,893530305243716710,272039126003946
0SIMONLINA312346,0850201696,893530305243716711,272039126003947
0SIMONLINA312347,0850201697,893530305243716712,272039126003948
0SIMONLINA312348,0850201698,893530305243716713,272039126003949
0SIMONLINA312349,0850201699,893530305243716714,272039126003950
0SIMONLINA312350,0850201700,893530305243716715,272039126003951
0SIMONLINA312351,0850201701,893530305243716716,272039126003952
0SIMONLINA312352,0850201702,893530305243716717,272039126003953
0SIMONLINA312353,0850201703,893530305243716718,272039126003954
0SIMONLINA312354,0850201704,893530305243716719,272039126003955
0SIMONLINA312355,0850201705,893530305243716720,272039126003956
0SIMONLINA312356,0850201706,893530305243716721,272039126003957
0SIMONLINA312357,0850201707,893530305243716722,272039126003958
0SIMONLINA312358,0850201708,893530305243716723,272039126003959
0SIMONLINA312359,0850201709,893530305243716724,272039126003960
0SIMONLINA312360,0850201710,893530305243716725,272039126003961
0SIMONLINA312361,0850201711,893530305243716726,272039126003962
0SIMONLINA312362,0850201712,893530305243716727,272039126003963
0SIMONLINA312363,0850201713,893530305243716728,272039126003964
0SIMONLINA312364,0850201714,893530305243716729,272039126003965
0SIMONLINA312365,0850201715,893530305243716730,272039126003966
0SIMONLINA312366,0850201716,893530305243716731,272039126003967
0SIMONLINA312367,0850201717,893530305243716732,272039126003968
0SIMONLINA312368,0850201718,893530305243716733,272039126003969
0SIMONLINA312369,0850201719,893530305243716734,272039126003970
0SIMONLINA312370,0850201720,893530305243716735,272039126003971
0SIMONLINA312371,0850201721,893530305243716736,272039126003972
0SIMONLINA312372,0850201722,893530305243716737,272039126003973
0SIMONLINA312373,0850201723,893530305243716738,272039126003974
0SIMONLINA312374,0850201724,893530305243716739,272039126003975
0SIMONLINA312375,0850201725,893530305243716740,272039126003976
0SIMONLINA312376,0850201726,893530305243716741,272039126003977
0SIMONLINA312377,0850201727,893530305243716742,272039126003978
0SIMONLINA312378,0850201728,893530305243716743,272039126003979
0SIMONLINA312379,0850201729,893530305243716744,272039126003980
0SIMONLINA312380,0850201730,893530305243716745,272039126003981
0SIMONLINA312381,0850201731,893530305243716746,272039126003982
0SIMONLINA312382,0850201732,893530305243716747,272039126003983
0SIMONLINA312383,0850201733,893530305243716748,272039126003984
0SIMONLINA312384,0850201734,893530305243716749,272039126003985
0SIMONLINA312385,0850201735,893530305243716750,272039126003986
0SIMONLINA312386,0850201736,893530305243716751,272039126003987
0SIMONLINA312387,0850201737,893530305243716752,272039126003988
0SIMONLINA312388,0850201738,893530305243716753,272039126003989
0SIMONLINA312389,0850201739,893530305243716754,272039126003990
0SIMONLINA312390,0850201740,893530305243716755,272039126003991
0SIMONLINA312391,0850201741,893530305243716756,272039126003992
0SIMONLINA312392,0850201742,893530305243716757,272039126003993
0SIMONLINA312393,0850201743,893530305243716758,272039126003994
0SIMONLINA312394,0850201744,893530305243716759,272039126003995
0SIMONLINA312395,0850201745,893530305243716760,272039126003996
0SIMONLINA312396,0850201746,893530305243716761,272039126003997
0SIMONLINA312397,0850201747,893530305243716762,272039126003998
0SIMONLINA312398,0850201748,893530305243716763,272039126003999
0SIMONLINA312399,0850201749,893530305243716764,272039126004000
0SIMONLINA312400,0850201750,893530305243716765,272039126004001
0SIMONLINA312401,0850201751,893530305243716766,272039126004002
0SIMONLINA312402,0850201752,893530305243716767,272039126004003
0SIMONLINA312403,0850201753,893530305243716768,272039126004004
0SIMONLINA312404,0850201754,893530305243716769,272039126004005
0SIMONLINA312405,0850201755,893530305243716770,272039126004006
0SIMONLINA312406,0850201756,893530305243716771,272039126004007
0SIMONLINA312407,0850201757,893530305243716772,272039126004008
0SIMONLINA312408,0850201758,893530305243716773,272039126004009
0SIMONLINA312409,0850201759,893530305243716774,272039126004010
0SIMONLINA312410,0850201760,893530305243716775,272039126004011
0SIMONLINA312411,0850201761,893530305243716776,272039126004012
0SIMONLINA312412,0850201762,893530305243716777,272039126004013
0SIMONLINA312413,0850201763,893530305243716778,272039126004014
0SIMONLINA312414,0850201764,893530305243716779,272039126004015
0SIMONLINA312415,0850201765,893530305243716780,272039126004016
0SIMONLINA312416,0850201766,893530305243716781,272039126004017
0SIMONLINA312417,0850201767,893530305243716782,272039126004018
0SIMONLINA312418,0850201768,893530305243716783,272039126004019
0SIMONLINA312419,0850201769,893530305243716784,272039126004020
0SIMONLINA312420,0850201770,893530305243716785,272039126004021
0SIMONLINA312421,0850201771,893530305243716786,272039126004022
0SIMONLINA312422,0850201772,893530305243716787,272039126004023
0SIMONLINA312423,0850201773,893530305243716788,272039126004024
0SIMONLINA312424,0850201774,893530305243716789,272039126004025
0SIMONLINA312425,0850201775,893530305243716790,272039126004026
0SIMONLINA312426,0850201776,893530305243716791,272039126004027
0SIMONLINA312427,0850201777,893530305243716792,272039126004028
0SIMONLINA312428,0850201778,893530305243716793,272039126004029
0SIMONLINA312429,0850201779,893530305243716794,272039126004030
0SIMONLINA312430,0850201780,893530305243716795,272039126004031
0SIMONLINA312431,0850201781,893530305243716796,272039126004032
0SIMONLINA312432,0850201782,893530305243716797,272039126004033
0SIMONLINA312433,0850201783,893530305243716798,272039126004034
0SIMONLINA312434,0850201784,893530305243716799,272039126004035
0SIMONLINA312435,0850201785,893530305243716800,272039126004036
0SIMONLINA312436,0850201786,893530305243716801,272039126004037
0SIMONLINA312437,0850201787,893530305243716802,272039126004038
0SIMONLINA312438,0850201788,893530305243716803,272039126004039
0SIMONLINA312439,0850201789,893530305243716804,272039126004040
0SIMONLINA312440,0850201790,893530305243716805,272039126004041
0SIMONLINA312441,0850201791,893530305243716806,272039126004042
0SIMONLINA312442,0850201792,893530305243716807,272039126004043
0SIMONLINA312443,0850201793,893530305243716808,272039126004044
0SIMONLINA312444,0850201794,893530305243716809,272039126004045
0SIMONLINA312445,0850201795,893530305243716810,272039126004046
0SIMONLINA312446,0850201796,893530305243716811,272039126004047
0SIMONLINA312447,0850201797,893530305243716812,272039126004048
0SIMONLINA312448,0850201798,893530305243716813,272039126004049
0SIMONLINA312449,0850201799,893530305243716814,272039126004050
0SIMONLINA312450,0850201800,893530305243716815,272039126004051
0SIMONLINA312451,0850201801,893530305243716816,272039126004052
0SIMONLINA312452,0850201802,893530305243716817,272039126004053
0SIMONLINA312453,0850201803,893530305243716818,272039126004054
0SIMONLINA312454,0850201804,893530305243716819,272039126004055
0SIMONLINA312455,0850201805,893530305243716820,272039126004056
0SIMONLINA312456,0850201806,893530305243716821,272039126004057
0SIMONLINA312457,0850201807,893530305243716822,272039126004058
0SIMONLINA312458,0850201808,893530305243716823,272039126004059
0SIMONLINA312459,0850201809,893530305243716824,272039126004060
0SIMONLINA312460,0850201810,893530305243716825,272039126004061
0SIMONLINA312461,0850201811,893530305243716826,272039126004062
0SIMONLINA312462,0850201812,893530305243716827,272039126004063
0SIMONLINA312463,0850201813,893530305243716828,272039126004064
0SIMONLINA312464,0850201814,893530305243716829,272039126004065
0SIMONLINA312465,0850201815,893530305243716830,272039126004066
0SIMONLINA312466,0850201816,893530305243716831,272039126004067
0SIMONLINA312467,0850201817,893530305243716832,272039126004068
0SIMONLINA312468,0850201818,893530305243716833,272039126004069
0SIMONLINA312469,0850201819,893530305243716834,272039126004070
0SIMONLINA312470,0850201820,893530305243716835,272039126004071
0SIMONLINA312471,0850201821,893530305243716836,272039126004072
0SIMONLINA312472,0850201822,893530305243716837,272039126004073
0SIMONLINA312473,0850201823,893530305243716838,272039126004074
0SIMONLINA312474,0850201824,893530305243716839,272039126004075
0SIMONLINA312475,0850201825,893530305243716840,272039126004076
0SIMONLINA312476,0850201826,893530305243716841,272039126004077
0SIMONLINA312477,0850201827,893530305243716842,272039126004078
0SIMONLINA312478,0850201828,893530305243716843,272039126004079
0SIMONLINA312479,0850201829,893530305243716844,272039126004080
0SIMONLINA312480,0850201830,893530305243716845,272039126004081
0SIMONLINA312481,0850201831,893530305243716846,272039126004082
0SIMONLINA312482,0850201832,893530305243716847,272039126004083
0SIMONLINA312483,0850201833,893530305243716848,272039126004084
0SIMONLINA312484,0850201834,893530305243716849,272039126004085
0SIMONLINA312485,0850201835,893530305243716850,272039126004086
0SIMONLINA312486,0850201836,893530305243716851,272039126004087
0SIMONLINA312487,0850201837,893530305243716852,272039126004088
0SIMONLINA312488,0850201838,893530305243716853,272039126004089
0SIMONLINA312489,0850201839,893530305243716854,272039126004090
0SIMONLINA312490,0850201840,893530305243716855,272039126004091
0SIMONLINA312491,0850201841,893530305243716856,272039126004092
0SIMONLINA312492,0850201842,893530305243716857,272039126004093
0SIMONLINA312493,0850201843,893530305243716858,272039126004094
0SIMONLINA312494,0850201844,893530305243716859,272039126004095
0SIMONLINA312495,0850201845,893530305243716860,272039126004096
0SIMONLINA312496,0850201846,893530305243716861,272039126004097
0SIMONLINA312497,0850201847,893530305243716862,272039126004098
0SIMONLINA312498,0850201848,893530305243716863,272039126004099
0SIMONLINA312499,0850201849,893530305243716864,272039126004100
0SIMONLINA312500,0850201850,893530305243716865,272039126004101
0SIMONLINA312501,0850201851,893530305243716866,272039126004102
0SIMONLINA312502,0850201852,893530305243716867,272039126004103
0SIMONLINA312503,0850201853,893530305243716868,272039126004104
0SIMONLINA312504,0850201854,893530305243716869,272039126004105
0SIMONLINA312505,0850201855,893530305243716870,272039126004106
0SIMONLINA312506,0850201856,893530305243716871,272039126004107
0SIMONLINA312507,0850201857,893530305243716872,272039126004108
0SIMONLINA312508,0850201858,893530305243716873,272039126004109
0SIMONLINA312509,0850201859,893530305243716874,272039126004110
0SIMONLINA312510,0850201860,893530305243716875,272039126004111
0SIMONLINA312511,0850201861,893530305243716876,272039126004112
0SIMONLINA312512,0850201862,893530305243716877,272039126004113
0SIMONLINA312513,0850201863,893530305243716878,272039126004114
0SIMONLINA312514,0850201864,893530305243716879,272039126004115
0SIMONLINA312515,0850201865,893530305243716880,272039126004116
0SIMONLINA312516,0850201866,893530305243716881,272039126004117
0SIMONLINA312517,0850201867,893530305243716882,272039126004118
0SIMONLINA312518,0850201868,893530305243716883,272039126004119
0SIMONLINA312519,0850201869,893530305243716884,272039126004120
0SIMONLINA312520,0850201870,893530305243716885,272039126004121
0SIMONLINA312521,0850201871,893530305243716886,272039126004122
0SIMONLINA312522,0850201872,893530305243716887,272039126004123
0SIMONLINA312523,0850201873,893530305243716888,272039126004124
0SIMONLINA312524,0850201874,893530305243716889,272039126004125
0SIMONLINA312525,0850201875,893530305243716890,272039126004126
0SIMONLINA312526,0850201876,893530305243716891,272039126004127
0SIMONLINA312527,0850201877,893530305243716892,272039126004128
0SIMONLINA312528,0850201878,893530305243716893,272039126004129
0SIMONLINA312529,0850201879,893530305243716894,272039126004130
0SIMONLINA312530,0850201880,893530305243716895,272039126004131
0SIMONLINA312531,0850201881,893530305243716896,272039126004132
0SIMONLINA312532,0850201882,893530305243716897,272039126004133
0SIMONLINA312533,0850201883,893530305243716898,272039126004134
0SIMONLINA312534,0850201884,893530305243716899,272039126004135
0SIMONLINA312535,0850201885,893530305243716900,272039126004136
0SIMONLINA312536,0850201886,893530305243716901,272039126004137
0SIMONLINA312537,0850201887,893530305243716902,272039126004138
0SIMONLINA312538,0850201888,893530305243716903,272039126004139
0SIMONLINA312539,0850201889,893530305243716904,272039126004140
0SIMONLINA312540,0850201890,893530305243716905,272039126004141
0SIMONLINA312541,0850201891,893530305243716906,272039126004142
0SIMONLINA312542,0850201892,893530305243716907,272039126004143
0SIMONLINA312543,0850201893,893530305243716908,272039126004144
0SIMONLINA312544,0850201894,893530305243716909,272039126004145
0SIMONLINA312545,0850201895,893530305243716910,272039126004146
0SIMONLINA312546,0850201896,893530305243716911,272039126004147
0SIMONLINA312547,0850201897,893530305243716912,272039126004148
0SIMONLINA312548,0850201898,893530305243716913,272039126004149
0SIMONLINA312549,0850201899,893530305243716914,272039126004150
0SIMONLINA312550,0850201900,893530305243716915,272039126004151
0SIMONLINA312551,0850201901,893530305243716916,272039126004152
0SIMONLINA312552,0850201902,893530305243716917,272039126004153
0SIMONLINA312553,0850201903,893530305243716918,272039126004154
0SIMONLINA312554,0850201904,893530305243716919,272039126004155
0SIMONLINA312555,0850201905,893530305243716920,272039126004156
0SIMONLINA312556,0850201906,893530305243716921,272039126004157
0SIMONLINA312557,0850201907,893530305243716922,272039126004158
0SIMONLINA312558,0850201908,893530305243716923,272039126004159
0SIMONLINA312559,0850201909,893530305243716924,272039126004160
0SIMONLINA312560,0850201910,893530305243716925,272039126004161
0SIMONLINA312561,0850201911,893530305243716926,272039126004162
0SIMONLINA312562,0850201912,893530305243716927,272039126004163
0SIMONLINA312563,0850201913,893530305243716928,272039126004164
0SIMONLINA312564,0850201914,893530305243716929,272039126004165
0SIMONLINA312565,0850201915,893530305243716930,272039126004166
0SIMONLINA312566,0850201916,893530305243716931,272039126004167
0SIMONLINA312567,0850201917,893530305243716932,272039126004168
0SIMONLINA312568,0850201918,893530305243716933,272039126004169
0SIMONLINA312569,0850201919,893530305243716934,272039126004170
0SIMONLINA312570,0850201920,893530305243716935,272039126004171
0SIMONLINA312571,0850201921,893530305243716936,272039126004172
0SIMONLINA312572,0850201922,893530305243716937,272039126004173
0SIMONLINA312573,0850201923,893530305243716938,272039126004174
0SIMONLINA312574,0850201924,893530305243716939,272039126004175
0SIMONLINA312575,0850201925,893530305243716940,272039126004176
0SIMONLINA312576,0850201926,893530305243716941,272039126004177
0SIMONLINA312577,0850201927,893530305243716942,272039126004178
0SIMONLINA312578,0850201928,893530305243716943,272039126004179
0SIMONLINA312579,0850201929,893530305243716944,272039126004180
0SIMONLINA312580,0850201930,893530305243716945,272039126004181
0SIMONLINA312581,0850201931,893530305243716946,272039126004182
0SIMONLINA312582,0850201932,893530305243716947,272039126004183
0SIMONLINA312583,0850201933,893530305243716948,272039126004184
0SIMONLINA312584,0850201934,893530305243716949,272039126004185
0SIMONLINA312585,0850201935,893530305243716950,272039126004186
0SIMONLINA312586,0850201936,893530305243716951,272039126004187
0SIMONLINA312587,0850201937,893530305243716952,272039126004188
0SIMONLINA312588,0850201938,893530305243716953,272039126004189
0SIMONLINA312589,0850201939,893530305243716954,272039126004190
0SIMONLINA312590,0850201940,893530305243716955,272039126004191
0SIMONLINA312591,0850201941,893530305243716956,272039126004192
0SIMONLINA312592,0850201942,893530305243716957,272039126004193
0SIMONLINA312593,0850201943,893530305243716958,272039126004194
0SIMONLINA312594,0850201944,893530305243716959,272039126004195
0SIMONLINA312595,0850201945,893530305243716960,272039126004196
0SIMONLINA312596,0850201946,893530305243716961,272039126004197
0SIMONLINA312597,0850201947,893530305243716962,272039126004198
0SIMONLINA312598,0850201948,893530305243716963,272039126004199
0SIMONLINA312599,0850201949,893530305243716964,272039126004200
0SIMONLINA312600,0850201950,893530305243716965,272039126004201
0SIMONLINA312601,0850201951,893530305243716966,272039126004202
0SIMONLINA312602,0850201952,893530305243716967,272039126004203
0SIMONLINA312603,0850201953,893530305243716968,272039126004204
0SIMONLINA312604,0850201954,893530305243716969,272039126004205
0SIMONLINA312605,0850201955,893530305243716970,272039126004206
0SIMONLINA312606,0850201956,893530305243716971,272039126004207
0SIMONLINA312607,0850201957,893530305243716972,272039126004208
0SIMONLINA312608,0850201958,893530305243716973,272039126004209
0SIMONLINA312609,0850201959,893530305243716974,272039126004210
0SIMONLINA312610,0850201960,893530305243716975,272039126004211
0SIMONLINA312611,0850201961,893530305243716976,272039126004212
0SIMONLINA312612,0850201962,893530305243716977,272039126004213
0SIMONLINA312613,0850201963,893530305243716978,272039126004214
0SIMONLINA312614,0850201964,893530305243716979,272039126004215
0SIMONLINA312615,0850201965,893530305243716980,272039126004216
0SIMONLINA312616,0850201966,893530305243716981,272039126004217
0SIMONLINA312617,0850201967,893530305243716982,272039126004218
0SIMONLINA312618,0850201968,893530305243716983,272039126004219
0SIMONLINA312619,0850201969,893530305243716984,272039126004220
0SIMONLINA312620,0850201970,893530305243716985,272039126004221
0SIMONLINA312621,0850201971,893530305243716986,272039126004222
0SIMONLINA312622,0850201972,893530305243716987,272039126004223
0SIMONLINA312623,0850201973,893530305243716988,272039126004224
0SIMONLINA312624,0850201974,893530305243716989,272039126004225
0SIMONLINA312625,0850201975,893530305243716990,272039126004226
0SIMONLINA312626,0850201976,893530305243716991,272039126004227
0SIMONLINA312627,0850201977,893530305243716992,272039126004228
0SIMONLINA312628,0850201978,893530305243716993,272039126004229
0SIMONLINA312629,0850201979,893530305243716994,272039126004230
0SIMONLINA312630,0850201980,893530305243716995,272039126004231
0SIMONLINA312631,0850201981,893530305243716996,272039126004232
0SIMONLINA312632,0850201982,893530305243716997,272039126004233
0SIMONLINA312633,0850201983,893530305243716998,272039126004234
0SIMONLINA312634,0850201984,893530305243716999,272039126004235
0SIMONLINA312635,0850201985,893530305243717000,272039126004236
0SIMONLINA312636,0850201986,893530305243717001,272039126004237
0SIMONLINA312637,0850201987,893530305243717002,272039126004238
0SIMONLINA312638,0850201988,893530305243717003,272039126004239
0SIMONLINA312639,0850201989,893530305243717004,272039126004240
0SIMONLINA312640,0850201990,893530305243717005,272039126004241
0SIMONLINA312641,0850201991,893530305243717006,272039126004242
0SIMONLINA312642,0850201992,893530305243717007,272039126004243
0SIMONLINA312643,0850201993,893530305243717008,272039126004244
0SIMONLINA312644,0850201994,893530305243717009,272039126004245
0SIMONLINA312645,0850201995,893530305243717010,272039126004246
0SIMONLINA312646,0850201996,893530305243717011,272039126004247
0SIMONLINA312647,0850201997,893530305243717012,272039126004248
0SIMONLINA312648,0850201998,893530305243717013,272039126004249