1SIMBIMBE111013,0000000000,893530305243719939,272039155034277
1SIMBIMBE111014,0000000000,893530305243719940,272039155034278
1SIMBIMBE111015,0000000000,893530305243719941,272039155034279
1SIMBIMBE111016,0000000000,893530305243719942,272039155034280
1SIMBIMBE111017,0000000000,893530305243719943,272039155034281
1SIMBIMBE111018,0000000000,893530305243719944,272039155034282
1SIMBIMBE111019,0000000000,893530305243719945,272039155034283
1SIMBIMBE111020,0000000000,893530305243719946,272039155034284
1SIMBIMBE111021,0000000000,893530305243719947,272039155034285
1SIMBIMBE111022,0000000000,893530305243719948,272039155034286
1SIMBIMBE111023,0000000000,893530305243719949,272039155034287
1SIMBIMBE111024,0000000000,893530305243719950,272039155034288
1SIMBIMBE111025,0000000000,893530305243719951,272039155034289
1SIMBIMBE111026,0000000000,893530305243719952,272039155034290
1SIMBIMBE111027,0000000000,893530305243719953,272039155034291
1SIMBIMBE111028,0000000000,893530305243719954,272039155034292
1SIMBIMBE111029,0000000000,893530305243719955,272039155034293
1SIMBIMBE111030,0000000000,893530305243719956,272039155034294
1SIMBIMBE111031,0000000000,893530305243719957,272039155034295
1SIMBIMBE111032,0000000000,893530305243719958,272039155034296
1SIMBIMBE111033,0000000000,893530305243719959,272039155034297
1SIMBIMBE111034,0000000000,893530305243719960,272039155034298
1SIMBIMBE111035,0000000000,893530305243719961,272039155034299
1SIMBIMBE111036,0000000000,893530305243719962,272039155034300
1SIMBIMBE111037,0000000000,893530305243719963,272039155034301
1SIMBIMBE111038,0000000000,893530305243719964,272039155034302
1SIMBIMBE111039,0000000000,893530305243719965,272039155034303
1SIMBIMBE111040,0000000000,893530305243719966,272039155034304
1SIMBIMBE111041,0000000000,893530305243719967,272039155034305
1SIMBIMBE111042,0000000000,893530305243719968,272039155034306
1SIMBIMBE111043,0000000000,893530305243719969,272039155034307
1SIMBIMBE111044,0000000000,893530305243719970,272039155034308
1SIMBIMBE111045,0000000000,893530305243719971,272039155034309
1SIMBIMBE111046,0000000000,893530305243719972,272039155034310
1SIMBIMBE111047,0000000000,893530305243719973,272039155034311
1SIMBIMBE111048,0000000000,893530305243719974,272039155034312
1SIMBIMBE111049,0000000000,893530305243719975,272039155034313
1SIMBIMBE111050,0000000000,893530305243719976,272039155034314
1SIMBIMBE111051,0000000000,893530305243719977,272039155034315
1SIMBIMBE111052,0000000000,893530305243719978,272039155034316
1SIMBIMBE111053,0000000000,893530305243719979,272039155034317
1SIMBIMBE111054,0000000000,893530305243719980,272039155034318
1SIMBIMBE111055,0000000000,893530305243719981,272039155034319
1SIMBIMBE111056,0000000000,893530305243719982,272039155034320
1SIMBIMBE111057,0000000000,893530305243719983,272039155034321
1SIMBIMBE111058,0000000000,893530305243719984,272039155034322
1SIMBIMBE111059,0000000000,893530305243719985,272039155034323
1SIMBIMBE111060,0000000000,893530305243719986,272039155034324
1SIMBIMBE111061,0000000000,893530305243719987,272039155034325
1SIMBIMBE111062,0000000000,893530305243719988,272039155034326
1SIMBIMBE111063,0000000000,893530305243719989,272039155034327
1SIMBIMBE111064,0000000000,893530305243719990,272039155034328
1SIMBIMBE111065,0000000000,893530305243719991,272039155034329
1SIMBIMBE111066,0000000000,893530305243719992,272039155034330
1SIMBIMBE111067,0000000000,893530305243719993,272039155034331
1SIMBIMBE111068,0000000000,893530305243719994,272039155034332
1SIMBIMBE111069,0000000000,893530305243719995,272039155034333
1SIMBIMBE111070,0000000000,893530305243719996,272039155034334
1SIMBIMBE111071,0000000000,893530305243719997,272039155034335
1SIMBIMBE111072,0000000000,893530305243719998,272039155034336
1SIMBIMBE111073,0000000000,893530305243719999,272039155034337
1SIMBIMBE111074,0000000000,893530305243720000,272039155034338
1SIMBIMBE111075,0000000000,893530305243720001,272039155034339
1SIMBIMBE111076,0000000000,893530305243720002,272039155034340
1SIMBIMBE111077,0000000000,893530305243720003,272039155034341
1SIMBIMBE111078,0000000000,893530305243720004,272039155034342
1SIMBIMBE111079,0000000000,893530305243720005,272039155034343
1SIMBIMBE111080,0000000000,893530305243720006,272039155034344
1SIMBIMBE111081,0000000000,893530305243720007,272039155034345
1SIMBIMBE111082,0000000000,893530305243720008,272039155034346
1SIMBIMBE111083,0000000000,893530305243720009,272039155034347
1SIMBIMBE111084,0000000000,893530305243720010,272039155034348
1SIMBIMBE111085,0000000000,893530305243720011,272039155034349
1SIMBIMBE111086,0000000000,893530305243720012,272039155034350
1SIMBIMBE111087,0000000000,893530305243720013,272039155034351
1SIMBIMBE111088,0000000000,893530305243720014,272039155034352
1SIMBIMBE111089,0000000000,893530305243720015,272039155034353
1SIMBIMBE111090,0000000000,893530305243720016,272039155034354
1SIMBIMBE111091,0000000000,893530305243720017,272039155034355
1SIMBIMBE111092,0000000000,893530305243720018,272039155034356
1SIMBIMBE111093,0000000000,893530305243720019,272039155034357
1SIMBIMBE111094,0000000000,893530305243720020,272039155034358
1SIMBIMBE111095,0000000000,893530305243720021,272039155034359
1SIMBIMBE111096,0000000000,893530305243720022,272039155034360
1SIMBIMBE111097,0000000000,893530305243720023,272039155034361
1SIMBIMBE111098,0000000000,893530305243720024,272039155034362
1SIMBIMBE111099,0000000000,893530305243720025,272039155034363
1SIMBIMBE111100,0000000000,893530305243720026,272039155034364
1SIMBIMBE111101,0000000000,893530305243720027,272039155034365
1SIMBIMBE111102,0000000000,893530305243720028,272039155034366
1SIMBIMBE111103,0000000000,893530305243720029,272039155034367
1SIMBIMBE111104,0000000000,893530305243720030,272039155034368
1SIMBIMBE111105,0000000000,893530305243720031,272039155034369
1SIMBIMBE111106,0000000000,893530305243720032,272039155034370
1SIMBIMBE111107,0000000000,893530305243720033,272039155034371
1SIMBIMBE111108,0000000000,893530305243720034,272039155034372
1SIMBIMBE111109,0000000000,893530305243720035,272039155034373
1SIMBIMBE111110,0000000000,893530305243720036,272039155034374
1SIMBIMBE111111,0000000000,893530305243720037,272039155034375
1SIMBIMBE111112,0000000000,893530305243720038,272039155034376
1SIMBIMBE111113,0000000000,893530305243720039,272039155034377
1SIMBIMBE111114,0000000000,893530305243720040,272039155034378
1SIMBIMBE111115,0000000000,893530305243720041,272039155034379
1SIMBIMBE111116,0000000000,893530305243720042,272039155034380
1SIMBIMBE111117,0000000000,893530305243720043,272039155034381
1SIMBIMBE111118,0000000000,893530305243720044,272039155034382
1SIMBIMBE111119,0000000000,893530305243720045,272039155034383
1SIMBIMBE111120,0000000000,893530305243720046,272039155034384
1SIMBIMBE111121,0000000000,893530305243720047,272039155034385
1SIMBIMBE111122,0000000000,893530305243720048,272039155034386
1SIMBIMBE111123,0000000000,893530305243720049,272039155034387
1SIMBIMBE111124,0000000000,893530305243720050,272039155034388
1SIMBIMBE111125,0000000000,893530305243720051,272039155034389
1SIMBIMBE111126,0000000000,893530305243720052,272039155034390
1SIMBIMBE111127,0000000000,893530305243720053,272039155034391
1SIMBIMBE111128,0000000000,893530305243720054,272039155034392
1SIMBIMBE111129,0000000000,893530305243720055,272039155034393
1SIMBIMBE111130,0000000000,893530305243720056,272039155034394
1SIMBIMBE111131,0000000000,893530305243720057,272039155034395
1SIMBIMBE111132,0000000000,893530305243720058,272039155034396
1SIMBIMBE111133,0000000000,893530305243720059,272039155034397
1SIMBIMBE111134,0000000000,893530305243720060,272039155034398
1SIMBIMBE111135,0000000000,893530305243720061,272039155034399
1SIMBIMBE111136,0000000000,893530305243720062,272039155034400
1SIMBIMBE111137,0000000000,893530305243720063,272039155034401
1SIMBIMBE111138,0000000000,893530305243720064,272039155034402
1SIMBIMBE111139,0000000000,893530305243720065,272039155034403
1SIMBIMBE111140,0000000000,893530305243720066,272039155034404
1SIMBIMBE111141,0000000000,893530305243720067,272039155034405
1SIMBIMBE111142,0000000000,893530305243720068,272039155034406
1SIMBIMBE111143,0000000000,893530305243720069,272039155034407
1SIMBIMBE111144,0000000000,893530305243720070,272039155034408
1SIMBIMBE111145,0000000000,893530305243720071,272039155034409
1SIMBIMBE111146,0000000000,893530305243720072,272039155034410
1SIMBIMBE111147,0000000000,893530305243720073,272039155034411
1SIMBIMBE111148,0000000000,893530305243720074,272039155034412
1SIMBIMBE111149,0000000000,893530305243720075,272039155034413
1SIMBIMBE111150,0000000000,893530305243720076,272039155034414
1SIMBIMBE111151,0000000000,893530305243720077,272039155034415
1SIMBIMBE111152,0000000000,893530305243720078,272039155034416
1SIMBIMBE111153,0000000000,893530305243720079,272039155034417
1SIMBIMBE111154,0000000000,893530305243720080,272039155034418
1SIMBIMBE111155,0000000000,893530305243720081,272039155034419
1SIMBIMBE111156,0000000000,893530305243720082,272039155034420
1SIMBIMBE111157,0000000000,893530305243720083,272039155034421
1SIMBIMBE111158,0000000000,893530305243720084,272039155034422
1SIMBIMBE111159,0000000000,893530305243720085,272039155034423
1SIMBIMBE111160,0000000000,893530305243720086,272039155034424
1SIMBIMBE111161,0000000000,893530305243720087,272039155034425
1SIMBIMBE111162,0000000000,893530305243720088,272039155034426
1SIMBIMBE111163,0000000000,893530305243720089,272039155034427
1SIMBIMBE111164,0000000000,893530305243720090,272039155034428
1SIMBIMBE111165,0000000000,893530305243720091,272039155034429
1SIMBIMBE111166,0000000000,893530305243720092,272039155034430
1SIMBIMBE111167,0000000000,893530305243720093,272039155034431
1SIMBIMBE111168,0000000000,893530305243720094,272039155034432
1SIMBIMBE111169,0000000000,893530305243720095,272039155034433
1SIMBIMBE111170,0000000000,893530305243720096,272039155034434
1SIMBIMBE111171,0000000000,893530305243720097,272039155034435
1SIMBIMBE111172,0000000000,893530305243720098,272039155034436
1SIMBIMBE111173,0000000000,893530305243720099,272039155034437
1SIMBIMBE111174,0000000000,893530305243720100,272039155034438
1SIMBIMBE111175,0000000000,893530305243720101,272039155034439
1SIMBIMBE111176,0000000000,893530305243720102,272039155034440
1SIMBIMBE111177,0000000000,893530305243720103,272039155034441
1SIMBIMBE111178,0000000000,893530305243720104,272039155034442
1SIMBIMBE111179,0000000000,893530305243720105,272039155034443
1SIMBIMBE111180,0000000000,893530305243720106,272039155034444
1SIMBIMBE111181,0000000000,893530305243720107,272039155034445
1SIMBIMBE111182,0000000000,893530305243720108,272039155034446
1SIMBIMBE111183,0000000000,893530305243720109,272039155034447
1SIMBIMBE111184,0000000000,893530305243720110,272039155034448
1SIMBIMBE111185,0000000000,893530305243720111,272039155034449
1SIMBIMBE111186,0000000000,893530305243720112,272039155034450
1SIMBIMBE111187,0000000000,893530305243720113,272039155034451
1SIMBIMBE111188,0000000000,893530305243720114,272039155034452
1SIMBIMBE111189,0000000000,893530305243720115,272039155034453
1SIMBIMBE111190,0000000000,893530305243720116,272039155034454
1SIMBIMBE111191,0000000000,893530305243720117,272039155034455
1SIMBIMBE111192,0000000000,893530305243720118,272039155034456
1SIMBIMBE111193,0000000000,893530305243720119,272039155034457
1SIMBIMBE111194,0000000000,893530305243720120,272039155034458
1SIMBIMBE111195,0000000000,893530305243720121,272039155034459
1SIMBIMBE111196,0000000000,893530305243720122,272039155034460
1SIMBIMBE111197,0000000000,893530305243720123,272039155034461
1SIMBIMBE111198,0000000000,893530305243720124,272039155034462
1SIMBIMBE111199,0000000000,893530305243720125,272039155034463
1SIMBIMBE111200,0000000000,893530305243720126,272039155034464
1SIMBIMBE111201,0000000000,893530305243720127,272039155034465
1SIMBIMBE111202,0000000000,893530305243720128,272039155034466
1SIMBIMBE111203,0000000000,893530305243720129,272039155034467
1SIMBIMBE111204,0000000000,893530305243720130,272039155034468
1SIMBIMBE111205,0000000000,893530305243720131,272039155034469
1SIMBIMBE111206,0000000000,893530305243720132,272039155034470
1SIMBIMBE111207,0000000000,893530305243720133,272039155034471
1SIMBIMBE111208,0000000000,893530305243720134,272039155034472
1SIMBIMBE111209,0000000000,893530305243720135,272039155034473
1SIMBIMBE111210,0000000000,893530305243720136,272039155034474
1SIMBIMBE111211,0000000000,893530305243720137,272039155034475
1SIMBIMBE111212,0000000000,893530305243720138,272039155034476
1SIMBIMBE111213,0000000000,893530305243720139,272039155034477
1SIMBIMBE111214,0000000000,893530305243720140,272039155034478
1SIMBIMBE111215,0000000000,893530305243720141,272039155034479
1SIMBIMBE111216,0000000000,893530305243720142,272039155034480
1SIMBIMBE111217,0000000000,893530305243720143,272039155034481
1SIMBIMBE111218,0000000000,893530305243720144,272039155034482
1SIMBIMBE111219,0000000000,893530305243720145,272039155034483
1SIMBIMBE111220,0000000000,893530305243720146,272039155034484
1SIMBIMBE111221,0000000000,893530305243720147,272039155034485
1SIMBIMBE111222,0000000000,893530305243720148,272039155034486
1SIMBIMBE111223,0000000000,893530305243720149,272039155034487
1SIMBIMBE111224,0000000000,893530305243720150,272039155034488
1SIMBIMBE111225,0000000000,893530305243720151,272039155034489
1SIMBIMBE111226,0000000000,893530305243720152,272039155034490
1SIMBIMBE111227,0000000000,893530305243720153,272039155034491
1SIMBIMBE111228,0000000000,893530305243720154,272039155034492
1SIMBIMBE111229,0000000000,893530305243720155,272039155034493
1SIMBIMBE111230,0000000000,893530305243720156,272039155034494
1SIMBIMBE111231,0000000000,893530305243720157,272039155034495
1SIMBIMBE111232,0000000000,893530305243720158,272039155034496
1SIMBIMBE111233,0000000000,893530305243720159,272039155034497
1SIMBIMBE111234,0000000000,893530305243720160,272039155034498
1SIMBIMBE111235,0000000000,893530305243720161,272039155034499
1SIMBIMBE111236,0000000000,893530305243720162,272039155034500
1SIMBIMBE111237,0000000000,893530305243720163,272039155034501
1SIMBIMBE111238,0000000000,893530305243720164,272039155034502
1SIMBIMBE111239,0000000000,893530305243720165,272039155034503
1SIMBIMBE111240,0000000000,893530305243720166,272039155034504
1SIMBIMBE111241,0000000000,893530305243720167,272039155034505
1SIMBIMBE111242,0000000000,893530305243720168,272039155034506
1SIMBIMBE111243,0000000000,893530305243720169,272039155034507
1SIMBIMBE111244,0000000000,893530305243720170,272039155034508
1SIMBIMBE111245,0000000000,893530305243720171,272039155034509
1SIMBIMBE111246,0000000000,893530305243720172,272039155034510
1SIMBIMBE111247,0000000000,893530305243720173,272039155034511
1SIMBIMBE111248,0000000000,893530305243720174,272039155034512
1SIMBIMBE111249,0000000000,893530305243720175,272039155034513
1SIMBIMBE111250,0000000000,893530305243720176,272039155034514
1SIMBIMBE111251,0000000000,893530305243720177,272039155034515
1SIMBIMBE111252,0000000000,893530305243720178,272039155034516
1SIMBIMBE111253,0000000000,893530305243720179,272039155034517
1SIMBIMBE111254,0000000000,893530305243720180,272039155034518
1SIMBIMBE111255,0000000000,893530305243720181,272039155034519
1SIMBIMBE111256,0000000000,893530305243720182,272039155034520
1SIMBIMBE111257,0000000000,893530305243720183,272039155034521
1SIMBIMBE111258,0000000000,893530305243720184,272039155034522
1SIMBIMBE111259,0000000000,893530305243720185,272039155034523
1SIMBIMBE111260,0000000000,893530305243720186,272039155034524
1SIMBIMBE111261,0000000000,893530305243720187,272039155034525
1SIMBIMBE111262,0000000000,893530305243720188,272039155034526
1SIMBIMBE111263,0000000000,893530305243720189,272039155034527
1SIMBIMBE111264,0000000000,893530305243720190,272039155034528
1SIMBIMBE111265,0000000000,893530305243720191,272039155034529
1SIMBIMBE111266,0000000000,893530305243720192,272039155034530
1SIMBIMBE111267,0000000000,893530305243720193,272039155034531
1SIMBIMBE111268,0000000000,893530305243720194,272039155034532
1SIMBIMBE111269,0000000000,893530305243720195,272039155034533
1SIMBIMBE111270,0000000000,893530305243720196,272039155034534
1SIMBIMBE111271,0000000000,893530305243720197,272039155034535
1SIMBIMBE111272,0000000000,893530305243720198,272039155034536
1SIMBIMBE111273,0000000000,893530305243720199,272039155034537
1SIMBIMBE111274,0000000000,893530305243720200,272039155034538
1SIMBIMBE111275,0000000000,893530305243720201,272039155034539
1SIMBIMBE111276,0000000000,893530305243720202,272039155034540
1SIMBIMBE111277,0000000000,893530305243720203,272039155034541
1SIMBIMBE111278,0000000000,893530305243720204,272039155034542
1SIMBIMBE111279,0000000000,893530305243720205,272039155034543
1SIMBIMBE111280,0000000000,893530305243720206,272039155034544
1SIMBIMBE111281,0000000000,893530305243720207,272039155034545
1SIMBIMBE111282,0000000000,893530305243720208,272039155034546
1SIMBIMBE111283,0000000000,893530305243720209,272039155034547
1SIMBIMBE111284,0000000000,893530305243720210,272039155034548
1SIMBIMBE111285,0000000000,893530305243720211,272039155034549
1SIMBIMBE111286,0000000000,893530305243720212,272039155034550
1SIMBIMBE111287,0000000000,893530305243720213,272039155034551
1SIMBIMBE111288,0000000000,893530305243720214,272039155034552
1SIMBIMBE111289,0000000000,893530305243720215,272039155034553
1SIMBIMBE111290,0000000000,893530305243720216,272039155034554
1SIMBIMBE111291,0000000000,893530305243720217,272039155034555
1SIMBIMBE111292,0000000000,893530305243720218,272039155034556
1SIMBIMBE111293,0000000000,893530305243720219,272039155034557
1SIMBIMBE111294,0000000000,893530305243720220,272039155034558
1SIMBIMBE111295,0000000000,893530305243720221,272039155034559
1SIMBIMBE111296,0000000000,893530305243720222,272039155034560
1SIMBIMBE111297,0000000000,893530305243720223,272039155034561
1SIMBIMBE111298,0000000000,893530305243720224,272039155034562
1SIMBIMBE111299,0000000000,893530305243720225,272039155034563
1SIMBIMBE111300,0000000000,893530305243720226,272039155034564
1SIMBIMBE111301,0000000000,893530305243720227,272039155034565
1SIMBIMBE111302,0000000000,893530305243720228,272039155034566
1SIMBIMBE111303,0000000000,893530305243720229,272039155034567
1SIMBIMBE111304,0000000000,893530305243720230,272039155034568
1SIMBIMBE111305,0000000000,893530305243720231,272039155034569
1SIMBIMBE111306,0000000000,893530305243720232,272039155034570
1SIMBIMBE111307,0000000000,893530305243720233,272039155034571
1SIMBIMBE111308,0000000000,893530305243720234,272039155034572
1SIMBIMBE111309,0000000000,893530305243720235,272039155034573
1SIMBIMBE111310,0000000000,893530305243720236,272039155034574
1SIMBIMBE111311,0000000000,893530305243720237,272039155034575
1SIMBIMBE111312,0000000000,893530305243720238,272039155034576
1SIMBIMBE111313,0000000000,893530305243720239,272039155034577
1SIMBIMBE111314,0000000000,893530305243720240,272039155034578
1SIMBIMBE111315,0000000000,893530305243720241,272039155034579
1SIMBIMBE111316,0000000000,893530305243720242,272039155034580
1SIMBIMBE111317,0000000000,893530305243720243,272039155034581
1SIMBIMBE111318,0000000000,893530305243720244,272039155034582
1SIMBIMBE111319,0000000000,893530305243720245,272039155034583
1SIMBIMBE111320,0000000000,893530305243720246,272039155034584
1SIMBIMBE111321,0000000000,893530305243720247,272039155034585
1SIMBIMBE111322,0000000000,893530305243720248,272039155034586
1SIMBIMBE111323,0000000000,893530305243720249,272039155034587
1SIMBIMBE111324,0000000000,893530305243720250,272039155034588
1SIMBIMBE111325,0000000000,893530305243720251,272039155034589
1SIMBIMBE111326,0000000000,893530305243720252,272039155034590
1SIMBIMBE111327,0000000000,893530305243720253,272039155034591
1SIMBIMBE111328,0000000000,893530305243720254,272039155034592
1SIMBIMBE111329,0000000000,893530305243720255,272039155034593
1SIMBIMBE111330,0000000000,893530305243720256,272039155034594
1SIMBIMBE111331,0000000000,893530305243720257,272039155034595
1SIMBIMBE111332,0000000000,893530305243720258,272039155034596
1SIMBIMBE111333,0000000000,893530305243720259,272039155034597
1SIMBIMBE111334,0000000000,893530305243720260,272039155034598
1SIMBIMBE111335,0000000000,893530305243720261,272039155034599
1SIMBIMBE111336,0000000000,893530305243720262,272039155034600
1SIMBIMBE111337,0000000000,893530305243720263,272039155034601
1SIMBIMBE111338,0000000000,893530305243720264,272039155034602
1SIMBIMBE111339,0000000000,893530305243720265,272039155034603
1SIMBIMBE111340,0000000000,893530305243720266,272039155034604
1SIMBIMBE111341,0000000000,893530305243720267,272039155034605
1SIMBIMBE111342,0000000000,893530305243720268,272039155034606
1SIMBIMBE111343,0000000000,893530305243720269,272039155034607
1SIMBIMBE111344,0000000000,893530305243720270,272039155034608
1SIMBIMBE111345,0000000000,893530305243720271,272039155034609
1SIMBIMBE111346,0000000000,893530305243720272,272039155034610
1SIMBIMBE111347,0000000000,893530305243720273,272039155034611
1SIMBIMBE111348,0000000000,893530305243720274,272039155034612
1SIMBIMBE111349,0000000000,893530305243720275,272039155034613
1SIMBIMBE111350,0000000000,893530305243720276,272039155034614
1SIMBIMBE111351,0000000000,893530305243720277,272039155034615
1SIMBIMBE111352,0000000000,893530305243720278,272039155034616
1SIMBIMBE111353,0000000000,893530305243720279,272039155034617
1SIMBIMBE111354,0000000000,893530305243720280,272039155034618
1SIMBIMBE111355,0000000000,893530305243720281,272039155034619
1SIMBIMBE111356,0000000000,893530305243720282,272039155034620
1SIMBIMBE111357,0000000000,893530305243720283,272039155034621
1SIMBIMBE111358,0000000000,893530305243720284,272039155034622
1SIMBIMBE111359,0000000000,893530305243720285,272039155034623
1SIMBIMBE111360,0000000000,893530305243720286,272039155034624
1SIMBIMBE111361,0000000000,893530305243720287,272039155034625
1SIMBIMBE111362,0000000000,893530305243720288,272039155034626
1SIMBIMBE111363,0000000000,893530305243720289,272039155034627
1SIMBIMBE111364,0000000000,893530305243720290,272039155034628
1SIMBIMBE111365,0000000000,893530305243720291,272039155034629
1SIMBIMBE111366,0000000000,893530305243720292,272039155034630
1SIMBIMBE111367,0000000000,893530305243720293,272039155034631
1SIMBIMBE111368,0000000000,893530305243720294,272039155034632
1SIMBIMBE111369,0000000000,893530305243720295,272039155034633
1SIMBIMBE111370,0000000000,893530305243720296,272039155034634
1SIMBIMBE111371,0000000000,893530305243720297,272039155034635
1SIMBIMBE111372,0000000000,893530305243720298,272039155034636
1SIMBIMBE111373,0000000000,893530305243720299,272039155034637
1SIMBIMBE111374,0000000000,893530305243720300,272039155034638
1SIMBIMBE111375,0000000000,893530305243720301,272039155034639
1SIMBIMBE111376,0000000000,893530305243720302,272039155034640
1SIMBIMBE111377,0000000000,893530305243720303,272039155034641
1SIMBIMBE111378,0000000000,893530305243720304,272039155034642
1SIMBIMBE111379,0000000000,893530305243720305,272039155034643
1SIMBIMBE111380,0000000000,893530305243720306,272039155034644
1SIMBIMBE111381,0000000000,893530305243720307,272039155034645
1SIMBIMBE111382,0000000000,893530305243720308,272039155034646
1SIMBIMBE111383,0000000000,893530305243720309,272039155034647
1SIMBIMBE111384,0000000000,893530305243720310,272039155034648
1SIMBIMBE111385,0000000000,893530305243720311,272039155034649
1SIMBIMBE111386,0000000000,893530305243720312,272039155034650
1SIMBIMBE111387,0000000000,893530305243720313,272039155034651
1SIMBIMBE111388,0000000000,893530305243720314,272039155034652
1SIMBIMBE111389,0000000000,893530305243720315,272039155034653
1SIMBIMBE111390,0000000000,893530305243720316,272039155034654
1SIMBIMBE111391,0000000000,893530305243720317,272039155034655
1SIMBIMBE111392,0000000000,893530305243720318,272039155034656
1SIMBIMBE111393,0000000000,893530305243720319,272039155034657
1SIMBIMBE111394,0000000000,893530305243720320,272039155034658
1SIMBIMBE111395,0000000000,893530305243720321,272039155034659
1SIMBIMBE111396,0000000000,893530305243720322,272039155034660
1SIMBIMBE111397,0000000000,893530305243720323,272039155034661
1SIMBIMBE111398,0000000000,893530305243720324,272039155034662
1SIMBIMBE111399,0000000000,893530305243720325,272039155034663
1SIMBIMBE111400,0000000000,893530305243720326,272039155034664
1SIMBIMBE111401,0000000000,893530305243720327,272039155034665
1SIMBIMBE111402,0000000000,893530305243720328,272039155034666
1SIMBIMBE111403,0000000000,893530305243720329,272039155034667
1SIMBIMBE111404,0000000000,893530305243720330,272039155034668
1SIMBIMBE111405,0000000000,893530305243720331,272039155034669
1SIMBIMBE111406,0000000000,893530305243720332,272039155034670
1SIMBIMBE111407,0000000000,893530305243720333,272039155034671
1SIMBIMBE111408,0000000000,893530305243720334,272039155034672
1SIMBIMBE111409,0000000000,893530305243720335,272039155034673
1SIMBIMBE111410,0000000000,893530305243720336,272039155034674
1SIMBIMBE111411,0000000000,893530305243720337,272039155034675
1SIMBIMBE111412,0000000000,893530305243720338,272039155034676
1SIMBIMBE111413,0000000000,893530305243720339,272039155034677
1SIMBIMBE111414,0000000000,893530305243720340,272039155034678
1SIMBIMBE111415,0000000000,893530305243720341,272039155034679
1SIMBIMBE111416,0000000000,893530305243720342,272039155034680
1SIMBIMBE111417,0000000000,893530305243720343,272039155034681
1SIMBIMBE111418,0000000000,893530305243720344,272039155034682
1SIMBIMBE111419,0000000000,893530305243720345,272039155034683
1SIMBIMBE111420,0000000000,893530305243720346,272039155034684
1SIMBIMBE111421,0000000000,893530305243720347,272039155034685
1SIMBIMBE111422,0000000000,893530305243720348,272039155034686
1SIMBIMBE111423,0000000000,893530305243720349,272039155034687
1SIMBIMBE111424,0000000000,893530305243720350,272039155034688
1SIMBIMBE111425,0000000000,893530305243720351,272039155034689
1SIMBIMBE111426,0000000000,893530305243720352,272039155034690
1SIMBIMBE111427,0000000000,893530305243720353,272039155034691
1SIMBIMBE111428,0000000000,893530305243720354,272039155034692
1SIMBIMBE111429,0000000000,893530305243720355,272039155034693
1SIMBIMBE111430,0000000000,893530305243720356,272039155034694
1SIMBIMBE111431,0000000000,893530305243720357,272039155034695
1SIMBIMBE111432,0000000000,893530305243720358,272039155034696
1SIMBIMBE111433,0000000000,893530305243720359,272039155034697
1SIMBIMBE111434,0000000000,893530305243720360,272039155034698
1SIMBIMBE111435,0000000000,893530305243720361,272039155034699
1SIMBIMBE111436,0000000000,893530305243720362,272039155034700
1SIMBIMBE111437,0000000000,893530305243720363,272039155034701
1SIMBIMBE111438,0000000000,893530305243720364,272039155034702
1SIMBIMBE111439,0000000000,893530305243720365,272039155034703
1SIMBIMBE111440,0000000000,893530305243720366,272039155034704
1SIMBIMBE111441,0000000000,893530305243720367,272039155034705
1SIMBIMBE111442,0000000000,893530305243720368,272039155034706
1SIMBIMBE111443,0000000000,893530305243720369,272039155034707
1SIMBIMBE111444,0000000000,893530305243720370,272039155034708
1SIMBIMBE111445,0000000000,893530305243720371,272039155034709
1SIMBIMBE111446,0000000000,893530305243720372,272039155034710
1SIMBIMBE111447,0000000000,893530305243720373,272039155034711
1SIMBIMBE111448,0000000000,893530305243720374,272039155034712
1SIMBIMBE111449,0000000000,893530305243720375,272039155034713
1SIMBIMBE111450,0000000000,893530305243720376,272039155034714
1SIMBIMBE111451,0000000000,893530305243720377,272039155034715
1SIMBIMBE111452,0000000000,893530305243720378,272039155034716
1SIMBIMBE111453,0000000000,893530305243720379,272039155034717
1SIMBIMBE111454,0000000000,893530305243720380,272039155034718
1SIMBIMBE111455,0000000000,893530305243720381,272039155034719
1SIMBIMBE111456,0000000000,893530305243720382,272039155034720
1SIMBIMBE111457,0000000000,893530305243720383,272039155034721
1SIMBIMBE111458,0000000000,893530305243720384,272039155034722
1SIMBIMBE111459,0000000000,893530305243720385,272039155034723
1SIMBIMBE111460,0000000000,893530305243720386,272039155034724
1SIMBIMBE111461,0000000000,893530305243720387,272039155034725
1SIMBIMBE111462,0000000000,893530305243720388,272039155034726
1SIMBIMBE111463,0000000000,893530305243720389,272039155034727
1SIMBIMBE111464,0000000000,893530305243720390,272039155034728
1SIMBIMBE111465,0000000000,893530305243720391,272039155034729
1SIMBIMBE111466,0000000000,893530305243720392,272039155034730
1SIMBIMBE111467,0000000000,893530305243720393,272039155034731
1SIMBIMBE111468,0000000000,893530305243720394,272039155034732
1SIMBIMBE111469,0000000000,893530305243720395,272039155034733
1SIMBIMBE111470,0000000000,893530305243720396,272039155034734
1SIMBIMBE111471,0000000000,893530305243720397,272039155034735
1SIMBIMBE111472,0000000000,893530305243720398,272039155034736
1SIMBIMBE111473,0000000000,893530305243720399,272039155034737
1SIMBIMBE111474,0000000000,893530305243720400,272039155034738
1SIMBIMBE111475,0000000000,893530305243720401,272039155034739
1SIMBIMBE111476,0000000000,893530305243720402,272039155034740
1SIMBIMBE111477,0000000000,893530305243720403,272039155034741
1SIMBIMBE111478,0000000000,893530305243720404,272039155034742
1SIMBIMBE111479,0000000000,893530305243720405,272039155034743
1SIMBIMBE111480,0000000000,893530305243720406,272039155034744
1SIMBIMBE111481,0000000000,893530305243720407,272039155034745
1SIMBIMBE111482,0000000000,893530305243720408,272039155034746
1SIMBIMBE111483,0000000000,893530305243720409,272039155034747
1SIMBIMBE111484,0000000000,893530305243720410,272039155034748
1SIMBIMBE111485,0000000000,893530305243720411,272039155034749
1SIMBIMBE111486,0000000000,893530305243720412,272039155034750
1SIMBIMBE111487,0000000000,893530305243720413,272039155034751
1SIMBIMBE111488,0000000000,893530305243720414,272039155034752
1SIMBIMBE111489,0000000000,893530305243720415,272039155034753
1SIMBIMBE111490,0000000000,893530305243720416,272039155034754
1SIMBIMBE111491,0000000000,893530305243720417,272039155034755
1SIMBIMBE111492,0000000000,893530305243720418,272039155034756
1SIMBIMBE111493,0000000000,893530305243720419,272039155034757
1SIMBIMBE111494,0000000000,893530305243720420,272039155034758
1SIMBIMBE111495,0000000000,893530305243720421,272039155034759
1SIMBIMBE111496,0000000000,893530305243720422,272039155034760
1SIMBIMBE111497,0000000000,893530305243720423,272039155034761
1SIMBIMBE111498,0000000000,893530305243720424,272039155034762
1SIMBIMBE111499,0000000000,893530305243720425,272039155034763
1SIMBIMBE111500,0000000000,893530305243720426,272039155034764
1SIMBIMBE111501,0000000000,893530305243720427,272039155034765
1SIMBIMBE111502,0000000000,893530305243720428,272039155034766
1SIMBIMBE111503,0000000000,893530305243720429,272039155034767
1SIMBIMBE111504,0000000000,893530305243720430,272039155034768
1SIMBIMBE111505,0000000000,893530305243720431,272039155034769
1SIMBIMBE111506,0000000000,893530305243720432,272039155034770
1SIMBIMBE111507,0000000000,893530305243720433,272039155034771
1SIMBIMBE111508,0000000000,893530305243720434,272039155034772
1SIMBIMBE111509,0000000000,893530305243720435,272039155034773
1SIMBIMBE111510,0000000000,893530305243720436,272039155034774
1SIMBIMBE111511,0000000000,893530305243720437,272039155034775
1SIMBIMBE111512,0000000000,893530305243720438,272039155034776
1SIMBIMBE111513,0000000000,893530305243720439,272039155034777
1SIMBIMBE111514,0000000000,893530305243720440,272039155034778
1SIMBIMBE111515,0000000000,893530305243720441,272039155034779
1SIMBIMBE111516,0000000000,893530305243720442,272039155034780
1SIMBIMBE111517,0000000000,893530305243720443,272039155034781
1SIMBIMBE111518,0000000000,893530305243720444,272039155034782
1SIMBIMBE111519,0000000000,893530305243720445,272039155034783
1SIMBIMBE111520,0000000000,893530305243720446,272039155034784
1SIMBIMBE111521,0000000000,893530305243720447,272039155034785
1SIMBIMBE111522,0000000000,893530305243720448,272039155034786
1SIMBIMBE111523,0000000000,893530305243720449,272039155034787
1SIMBIMBE111524,0000000000,893530305243720450,272039155034788
1SIMBIMBE111525,0000000000,893530305243720451,272039155034789
1SIMBIMBE111526,0000000000,893530305243720452,272039155034790
1SIMBIMBE111527,0000000000,893530305243720453,272039155034791
1SIMBIMBE111528,0000000000,893530305243720454,272039155034792
1SIMBIMBE111529,0000000000,893530305243720455,272039155034793
1SIMBIMBE111530,0000000000,893530305243720456,272039155034794
1SIMBIMBE111531,0000000000,893530305243720457,272039155034795
1SIMBIMBE111532,0000000000,893530305243720458,272039155034796
1SIMBIMBE111533,0000000000,893530305243720459,272039155034797
1SIMBIMBE111534,0000000000,893530305243720460,272039155034798
1SIMBIMBE111535,0000000000,893530305243720461,272039155034799
1SIMBIMBE111536,0000000000,893530305243720462,272039155034800
1SIMBIMBE111537,0000000000,893530305243720463,272039155034801
1SIMBIMBE111538,0000000000,893530305243720464,272039155034802
1SIMBIMBE111539,0000000000,893530305243720465,272039155034803
1SIMBIMBE111540,0000000000,893530305243720466,272039155034804
1SIMBIMBE111541,0000000000,893530305243720467,272039155034805
1SIMBIMBE111542,0000000000,893530305243720468,272039155034806
1SIMBIMBE111543,0000000000,893530305243720469,272039155034807
1SIMBIMBE111544,0000000000,893530305243720470,272039155034808
1SIMBIMBE111545,0000000000,893530305243720471,272039155034809
1SIMBIMBE111546,0000000000,893530305243720472,272039155034810
1SIMBIMBE111547,0000000000,893530305243720473,272039155034811
1SIMBIMBE111548,0000000000,893530305243720474,272039155034812
1SIMBIMBE111549,0000000000,893530305243720475,272039155034813
1SIMBIMBE111550,0000000000,893530305243720476,272039155034814
1SIMBIMBE111551,0000000000,893530305243720477,272039155034815
1SIMBIMBE111552,0000000000,893530305243720478,272039155034816
1SIMBIMBE111553,0000000000,893530305243720479,272039155034817
1SIMBIMBE111554,0000000000,893530305243720480,272039155034818
1SIMBIMBE111555,0000000000,893530305243720481,272039155034819
1SIMBIMBE111556,0000000000,893530305243720482,272039155034820
1SIMBIMBE111557,0000000000,893530305243720483,272039155034821
1SIMBIMBE111558,0000000000,893530305243720484,272039155034822
1SIMBIMBE111559,0000000000,893530305243720485,272039155034823
1SIMBIMBE111560,0000000000,893530305243720486,272039155034824
1SIMBIMBE111561,0000000000,893530305243720487,272039155034825
1SIMBIMBE111562,0000000000,893530305243720488,272039155034826
1SIMBIMBE111563,0000000000,893530305243720489,272039155034827
1SIMBIMBE111564,0000000000,893530305243720490,272039155034828
1SIMBIMBE111565,0000000000,893530305243720491,272039155034829
1SIMBIMBE111566,0000000000,893530305243720492,272039155034830
1SIMBIMBE111567,0000000000,893530305243720493,272039155034831
1SIMBIMBE111568,0000000000,893530305243720494,272039155034832
1SIMBIMBE111569,0000000000,893530305243720495,272039155034833
1SIMBIMBE111570,0000000000,893530305243720496,272039155034834
1SIMBIMBE111571,0000000000,893530305243720497,272039155034835
1SIMBIMBE111572,0000000000,893530305243720498,272039155034836
1SIMBIMBE111573,0000000000,893530305243720499,272039155034837
1SIMBIMBE111574,0000000000,893530305243720500,272039155034838
1SIMBIMBE111575,0000000000,893530305243720501,272039155034839
1SIMBIMBE111576,0000000000,893530305243720502,272039155034840
1SIMBIMBE111577,0000000000,893530305243720503,272039155034841
1SIMBIMBE111578,0000000000,893530305243720504,272039155034842
1SIMBIMBE111579,0000000000,893530305243720505,272039155034843
1SIMBIMBE111580,0000000000,893530305243720506,272039155034844
1SIMBIMBE111581,0000000000,893530305243720507,272039155034845
1SIMBIMBE111582,0000000000,893530305243720508,272039155034846
1SIMBIMBE111583,0000000000,893530305243720509,272039155034847
1SIMBIMBE111584,0000000000,893530305243720510,272039155034848
1SIMBIMBE111585,0000000000,893530305243720511,272039155034849
1SIMBIMBE111586,0000000000,893530305243720512,272039155034850
1SIMBIMBE111587,0000000000,893530305243720513,272039155034851
1SIMBIMBE111588,0000000000,893530305243720514,272039155034852
1SIMBIMBE111589,0000000000,893530305243720515,272039155034853
1SIMBIMBE111590,0000000000,893530305243720516,272039155034854
1SIMBIMBE111591,0000000000,893530305243720517,272039155034855
1SIMBIMBE111592,0000000000,893530305243720518,272039155034856
1SIMBIMBE111593,0000000000,893530305243720519,272039155034857
1SIMBIMBE111594,0000000000,893530305243720520,272039155034858
1SIMBIMBE111595,0000000000,893530305243720521,272039155034859
1SIMBIMBE111596,0000000000,893530305243720522,272039155034860
1SIMBIMBE111597,0000000000,893530305243720523,272039155034861
1SIMBIMBE111598,0000000000,893530305243720524,272039155034862
1SIMBIMBE111599,0000000000,893530305243720525,272039155034863
1SIMBIMBE111600,0000000000,893530305243720526,272039155034864
1SIMBIMBE111601,0000000000,893530305243720527,272039155034865
1SIMBIMBE111602,0000000000,893530305243720528,272039155034866
1SIMBIMBE111603,0000000000,893530305243720529,272039155034867
1SIMBIMBE111604,0000000000,893530305243720530,272039155034868
1SIMBIMBE111605,0000000000,893530305243720531,272039155034869
1SIMBIMBE111606,0000000000,893530305243720532,272039155034870
1SIMBIMBE111607,0000000000,893530305243720533,272039155034871
1SIMBIMBE111608,0000000000,893530305243720534,272039155034872
1SIMBIMBE111609,0000000000,893530305243720535,272039155034873
1SIMBIMBE111610,0000000000,893530305243720536,272039155034874
1SIMBIMBE111611,0000000000,893530305243720537,272039155034875
1SIMBIMBE111612,0000000000,893530305243720538,272039155034876
1SIMBIMBE111613,0000000000,893530305243720539,272039155034877
1SIMBIMBE111614,0000000000,893530305243720540,272039155034878
1SIMBIMBE111615,0000000000,893530305243720541,272039155034879
1SIMBIMBE111616,0000000000,893530305243720542,272039155034880
1SIMBIMBE111617,0000000000,893530305243720543,272039155034881
1SIMBIMBE111618,0000000000,893530305243720544,272039155034882
1SIMBIMBE111619,0000000000,893530305243720545,272039155034883
1SIMBIMBE111620,0000000000,893530305243720546,272039155034884
1SIMBIMBE111621,0000000000,893530305243720547,272039155034885
1SIMBIMBE111622,0000000000,893530305243720548,272039155034886
1SIMBIMBE111623,0000000000,893530305243720549,272039155034887
1SIMBIMBE111624,0000000000,893530305243720550,272039155034888
1SIMBIMBE111625,0000000000,893530305243720551,272039155034889
1SIMBIMBE111626,0000000000,893530305243720552,272039155034890
1SIMBIMBE111627,0000000000,893530305243720553,272039155034891
1SIMBIMBE111628,0000000000,893530305243720554,272039155034892
1SIMBIMBE111629,0000000000,893530305243720555,272039155034893
1SIMBIMBE111630,0000000000,893530305243720556,272039155034894
1SIMBIMBE111631,0000000000,893530305243720557,272039155034895
1SIMBIMBE111632,0000000000,893530305243720558,272039155034896
1SIMBIMBE111633,0000000000,893530305243720559,272039155034897
1SIMBIMBE111634,0000000000,893530305243720560,272039155034898
1SIMBIMBE111635,0000000000,893530305243720561,272039155034899
1SIMBIMBE111636,0000000000,893530305243720562,272039155034900
1SIMBIMBE111637,0000000000,893530305243720563,272039155034901
1SIMBIMBE111638,0000000000,893530305243720564,272039155034902
1SIMBIMBE111639,0000000000,893530305243720565,272039155034903
1SIMBIMBE111640,0000000000,893530305243720566,272039155034904
1SIMBIMBE111641,0000000000,893530305243720567,272039155034905
1SIMBIMBE111642,0000000000,893530305243720568,272039155034906
1SIMBIMBE111643,0000000000,893530305243720569,272039155034907
1SIMBIMBE111644,0000000000,893530305243720570,272039155034908
1SIMBIMBE111645,0000000000,893530305243720571,272039155034909
1SIMBIMBE111646,0000000000,893530305243720572,272039155034910
1SIMBIMBE111647,0000000000,893530305243720573,272039155034911
1SIMBIMBE111648,0000000000,893530305243720574,272039155034912
1SIMBIMBE111649,0000000000,893530305243720575,272039155034913
1SIMBIMBE111650,0000000000,893530305243720576,272039155034914
1SIMBIMBE111651,0000000000,893530305243720577,272039155034915
1SIMBIMBE111652,0000000000,893530305243720578,272039155034916
1SIMBIMBE111653,0000000000,893530305243720579,272039155034917
1SIMBIMBE111654,0000000000,893530305243720580,272039155034918
1SIMBIMBE111655,0000000000,893530305243720581,272039155034919
1SIMBIMBE111656,0000000000,893530305243720582,272039155034920
1SIMBIMBE111657,0000000000,893530305243720583,272039155034921
1SIMBIMBE111658,0000000000,893530305243720584,272039155034922
1SIMBIMBE111659,0000000000,893530305243720585,272039155034923
1SIMBIMBE111660,0000000000,893530305243720586,272039155034924
1SIMBIMBE111661,0000000000,893530305243720587,272039155034925
1SIMBIMBE111662,0000000000,893530305243720588,272039155034926
1SIMBIMBE111663,0000000000,893530305243720589,272039155034927
1SIMBIMBE111664,0000000000,893530305243720590,272039155034928
1SIMBIMBE111665,0000000000,893530305243720591,272039155034929
1SIMBIMBE111666,0000000000,893530305243720592,272039155034930
1SIMBIMBE111667,0000000000,893530305243720593,272039155034931
1SIMBIMBE111668,0000000000,893530305243720594,272039155034932
1SIMBIMBE111669,0000000000,893530305243720595,272039155034933
1SIMBIMBE111670,0000000000,893530305243720596,272039155034934
1SIMBIMBE111671,0000000000,893530305243720597,272039155034935
1SIMBIMBE111672,0000000000,893530305243720598,272039155034936
1SIMBIMBE111673,0000000000,893530305243720599,272039155034937
1SIMBIMBE111674,0000000000,893530305243720600,272039155034938
1SIMBIMBE111675,0000000000,893530305243720601,272039155034939
1SIMBIMBE111676,0000000000,893530305243720602,272039155034940
1SIMBIMBE111677,0000000000,893530305243720603,272039155034941
1SIMBIMBE111678,0000000000,893530305243720604,272039155034942
1SIMBIMBE111679,0000000000,893530305243720605,272039155034943
1SIMBIMBE111680,0000000000,893530305243720606,272039155034944
1SIMBIMBE111681,0000000000,893530305243720607,272039155034945
1SIMBIMBE111682,0000000000,893530305243720608,272039155034946
1SIMBIMBE111683,0000000000,893530305243720609,272039155034947
1SIMBIMBE111684,0000000000,893530305243720610,272039155034948
1SIMBIMBE111685,0000000000,893530305243720611,272039155034949
1SIMBIMBE111686,0000000000,893530305243720612,272039155034950
1SIMBIMBE111687,0000000000,893530305243720613,272039155034951
1SIMBIMBE111688,0000000000,893530305243720614,272039155034952
1SIMBIMBE111689,0000000000,893530305243720615,272039155034953
1SIMBIMBE111690,0000000000,893530305243720616,272039155034954
1SIMBIMBE111691,0000000000,893530305243720617,272039155034955
1SIMBIMBE111692,0000000000,893530305243720618,272039155034956
1SIMBIMBE111693,0000000000,893530305243720619,272039155034957
1SIMBIMBE111694,0000000000,893530305243720620,272039155034958
1SIMBIMBE111695,0000000000,893530305243720621,272039155034959
1SIMBIMBE111696,0000000000,893530305243720622,272039155034960
1SIMBIMBE111697,0000000000,893530305243720623,272039155034961
1SIMBIMBE111698,0000000000,893530305243720624,272039155034962
1SIMBIMBE111699,0000000000,893530305243720625,272039155034963
1SIMBIMBE111700,0000000000,893530305243720626,272039155034964
1SIMBIMBE111701,0000000000,893530305243720627,272039155034965
1SIMBIMBE111702,0000000000,893530305243720628,272039155034966
1SIMBIMBE111703,0000000000,893530305243720629,272039155034967
1SIMBIMBE111704,0000000000,893530305243720630,272039155034968
1SIMBIMBE111705,0000000000,893530305243720631,272039155034969
1SIMBIMBE111706,0000000000,893530305243720632,272039155034970
1SIMBIMBE111707,0000000000,893530305243720633,272039155034971
1SIMBIMBE111708,0000000000,893530305243720634,272039155034972
1SIMBIMBE111709,0000000000,893530305243720635,272039155034973
1SIMBIMBE111710,0000000000,893530305243720636,272039155034974
1SIMBIMBE111711,0000000000,893530305243720637,272039155034975
1SIMBIMBE111712,0000000000,893530305243720638,272039155034976
1SIMBIMBE111713,0000000000,893530305243720639,272039155034977
1SIMBIMBE111714,0000000000,893530305243720640,272039155034978
1SIMBIMBE111715,0000000000,893530305243720641,272039155034979
1SIMBIMBE111716,0000000000,893530305243720642,272039155034980
1SIMBIMBE111717,0000000000,893530305243720643,272039155034981
1SIMBIMBE111718,0000000000,893530305243720644,272039155034982
1SIMBIMBE111719,0000000000,893530305243720645,272039155034983
1SIMBIMBE111720,0000000000,893530305243720646,272039155034984
1SIMBIMBE111721,0000000000,893530305243720647,272039155034985
1SIMBIMBE111722,0000000000,893530305243720648,272039155034986
1SIMBIMBE111723,0000000000,893530305243720649,272039155034987
1SIMBIMBE111724,0000000000,893530305243720650,272039155034988
1SIMBIMBE111725,0000000000,893530305243720651,272039155034989
1SIMBIMBE111726,0000000000,893530305243720652,272039155034990
1SIMBIMBE111727,0000000000,893530305243720653,272039155034991
1SIMBIMBE111728,0000000000,893530305243720654,272039155034992
1SIMBIMBE111729,0000000000,893530305243720655,272039155034993
1SIMBIMBE111730,0000000000,893530305243720656,272039155034994
1SIMBIMBE111731,0000000000,893530305243720657,272039155034995
1SIMBIMBE111732,0000000000,893530305243720658,272039155034996
1SIMBIMBE111733,0000000000,893530305243720659,272039155034997
1SIMBIMBE111734,0000000000,893530305243720660,272039155034998
1SIMBIMBE111735,0000000000,893530305243720661,272039155034999
1SIMBIMBE111736,0000000000,893530305243720662,272039155035000
1SIMBIMBE111737,0000000000,893530305243720663,272039155035001
1SIMBIMBE111738,0000000000,893530305243720664,272039155035002
1SIMBIMBE111739,0000000000,893530305243720665,272039155035003
1SIMBIMBE111740,0000000000,893530305243720666,272039155035004
1SIMBIMBE111741,0000000000,893530305243720667,272039155035005
1SIMBIMBE111742,0000000000,893530305243720668,272039155035006
1SIMBIMBE111743,0000000000,893530305243720669,272039155035007
1SIMBIMBE111744,0000000000,893530305243720670,272039155035008
1SIMBIMBE111745,0000000000,893530305243720671,272039155035009
1SIMBIMBE111746,0000000000,893530305243720672,272039155035010
1SIMBIMBE111747,0000000000,893530305243720673,272039155035011
1SIMBIMBE111748,0000000000,893530305243720674,272039155035012
1SIMBIMBE111749,0000000000,893530305243720675,272039155035013
1SIMBIMBE111750,0000000000,893530305243720676,272039155035014
1SIMBIMBE111751,0000000000,893530305243720677,272039155035015
1SIMBIMBE111752,0000000000,893530305243720678,272039155035016
1SIMBIMBE111753,0000000000,893530305243720679,272039155035017
1SIMBIMBE111754,0000000000,893530305243720680,272039155035018
1SIMBIMBE111755,0000000000,893530305243720681,272039155035019
1SIMBIMBE111756,0000000000,893530305243720682,272039155035020
1SIMBIMBE111757,0000000000,893530305243720683,272039155035021
1SIMBIMBE111758,0000000000,893530305243720684,272039155035022
1SIMBIMBE111759,0000000000,893530305243720685,272039155035023
1SIMBIMBE111760,0000000000,893530305243720686,272039155035024
1SIMBIMBE111761,0000000000,893530305243720687,272039155035025
1SIMBIMBE111762,0000000000,893530305243720688,272039155035026
1SIMBIMBE111763,0000000000,893530305243720689,272039155035027
1SIMBIMBE111764,0000000000,893530305243720690,272039155035028
1SIMBIMBE111765,0000000000,893530305243720691,272039155035029
1SIMBIMBE111766,0000000000,893530305243720692,272039155035030
1SIMBIMBE111767,0000000000,893530305243720693,272039155035031
1SIMBIMBE111768,0000000000,893530305243720694,272039155035032
1SIMBIMBE111769,0000000000,893530305243720695,272039155035033
1SIMBIMBE111770,0000000000,893530305243720696,272039155035034
1SIMBIMBE111771,0000000000,893530305243720697,272039155035035
1SIMBIMBE111772,0000000000,893530305243720698,272039155035036
1SIMBIMBE111773,0000000000,893530305243720699,272039155035037
1SIMBIMBE111774,0000000000,893530305243720700,272039155035038
1SIMBIMBE111775,0000000000,893530305243720701,272039155035039
1SIMBIMBE111776,0000000000,893530305243720702,272039155035040
1SIMBIMBE111777,0000000000,893530305243720703,272039155035041
1SIMBIMBE111778,0000000000,893530305243720704,272039155035042
1SIMBIMBE111779,0000000000,893530305243720705,272039155035043
1SIMBIMBE111780,0000000000,893530305243720706,272039155035044
1SIMBIMBE111781,0000000000,893530305243720707,272039155035045
1SIMBIMBE111782,0000000000,893530305243720708,272039155035046
1SIMBIMBE111783,0000000000,893530305243720709,272039155035047
1SIMBIMBE111784,0000000000,893530305243720710,272039155035048
1SIMBIMBE111785,0000000000,893530305243720711,272039155035049
1SIMBIMBE111786,0000000000,893530305243720712,272039155035050
1SIMBIMBE111787,0000000000,893530305243720713,272039155035051
1SIMBIMBE111788,0000000000,893530305243720714,272039155035052
1SIMBIMBE111789,0000000000,893530305243720715,272039155035053
1SIMBIMBE111790,0000000000,893530305243720716,272039155035054
1SIMBIMBE111791,0000000000,893530305243720717,272039155035055
1SIMBIMBE111792,0000000000,893530305243720718,272039155035056
1SIMBIMBE111793,0000000000,893530305243720719,272039155035057
1SIMBIMBE111794,0000000000,893530305243720720,272039155035058
1SIMBIMBE111795,0000000000,893530305243720721,272039155035059
1SIMBIMBE111796,0000000000,893530305243720722,272039155035060
1SIMBIMBE111797,0000000000,893530305243720723,272039155035061
1SIMBIMBE111798,0000000000,893530305243720724,272039155035062
1SIMBIMBE111799,0000000000,893530305243720725,272039155035063
1SIMBIMBE111800,0000000000,893530305243720726,272039155035064
1SIMBIMBE111801,0000000000,893530305243720727,272039155035065
1SIMBIMBE111802,0000000000,893530305243720728,272039155035066
1SIMBIMBE111803,0000000000,893530305243720729,272039155035067
1SIMBIMBE111804,0000000000,893530305243720730,272039155035068
1SIMBIMBE111805,0000000000,893530305243720731,272039155035069
1SIMBIMBE111806,0000000000,893530305243720732,272039155035070
1SIMBIMBE111807,0000000000,893530305243720733,272039155035071
1SIMBIMBE111808,0000000000,893530305243720734,272039155035072
1SIMBIMBE111809,0000000000,893530305243720735,272039155035073
1SIMBIMBE111810,0000000000,893530305243720736,272039155035074
1SIMBIMBE111811,0000000000,893530305243720737,272039155035075
1SIMBIMBE111812,0000000000,893530305243720738,272039155035076
1SIMBIMBE111813,0000000000,893530305243720739,272039155035077
1SIMBIMBE111814,0000000000,893530305243720740,272039155035078
1SIMBIMBE111815,0000000000,893530305243720741,272039155035079
1SIMBIMBE111816,0000000000,893530305243720742,272039155035080
1SIMBIMBE111817,0000000000,893530305243720743,272039155035081
1SIMBIMBE111818,0000000000,893530305243720744,272039155035082
1SIMBIMBE111819,0000000000,893530305243720745,272039155035083
1SIMBIMBE111820,0000000000,893530305243720746,272039155035084
1SIMBIMBE111821,0000000000,893530305243720747,272039155035085
1SIMBIMBE111822,0000000000,893530305243720748,272039155035086
1SIMBIMBE111823,0000000000,893530305243720749,272039155035087
1SIMBIMBE111824,0000000000,893530305243720750,272039155035088
1SIMBIMBE111825,0000000000,893530305243720751,272039155035089
1SIMBIMBE111826,0000000000,893530305243720752,272039155035090
1SIMBIMBE111827,0000000000,893530305243720753,272039155035091
1SIMBIMBE111828,0000000000,893530305243720754,272039155035092
1SIMBIMBE111829,0000000000,893530305243720755,272039155035093
1SIMBIMBE111830,0000000000,893530305243720756,272039155035094
1SIMBIMBE111831,0000000000,893530305243720757,272039155035095
1SIMBIMBE111832,0000000000,893530305243720758,272039155035096
1SIMBIMBE111833,0000000000,893530305243720759,272039155035097
1SIMBIMBE111834,0000000000,893530305243720760,272039155035098
1SIMBIMBE111835,0000000000,893530305243720761,272039155035099
1SIMBIMBE111836,0000000000,893530305243720762,272039155035100
1SIMBIMBE111837,0000000000,893530305243720763,272039155035101
1SIMBIMBE111838,0000000000,893530305243720764,272039155035102
1SIMBIMBE111839,0000000000,893530305243720765,272039155035103
1SIMBIMBE111840,0000000000,893530305243720766,272039155035104
1SIMBIMBE111841,0000000000,893530305243720767,272039155035105
1SIMBIMBE111842,0000000000,893530305243720768,272039155035106
1SIMBIMBE111843,0000000000,893530305243720769,272039155035107
1SIMBIMBE111844,0000000000,893530305243720770,272039155035108
1SIMBIMBE111845,0000000000,893530305243720771,272039155035109
1SIMBIMBE111846,0000000000,893530305243720772,272039155035110
1SIMBIMBE111847,0000000000,893530305243720773,272039155035111
1SIMBIMBE111848,0000000000,893530305243720774,272039155035112
1SIMBIMBE111849,0000000000,893530305243720775,272039155035113
1SIMBIMBE111850,0000000000,893530305243720776,272039155035114
1SIMBIMBE111851,0000000000,893530305243720777,272039155035115
1SIMBIMBE111852,0000000000,893530305243720778,272039155035116
1SIMBIMBE111853,0000000000,893530305243720779,272039155035117
1SIMBIMBE111854,0000000000,893530305243720780,272039155035118
1SIMBIMBE111855,0000000000,893530305243720781,272039155035119
1SIMBIMBE111856,0000000000,893530305243720782,272039155035120
1SIMBIMBE111857,0000000000,893530305243720783,272039155035121