1SIMBILLE2321872,0000000000,893530305243719070,272039189509857
1SIMBILLE2321873,0000000000,893530305243719071,272039189509858
1SIMBILLE2321874,0000000000,893530305243719072,272039189509859
1SIMBILLE2321875,0000000000,893530305243719073,272039189509860
1SIMBILLE2321876,0000000000,893530305243719074,272039189509861
1SIMBILLE2321877,0000000000,893530305243719075,272039189509862
1SIMBILLE2321878,0000000000,893530305243719076,272039189509863
1SIMBILLE2321879,0000000000,893530305243719077,272039189509864
1SIMBILLE2321880,0000000000,893530305243719078,272039189509865
1SIMBILLE2321881,0000000000,893530305243719079,272039189509866
1SIMBILLE2321882,0000000000,893530305243719080,272039189509867
1SIMBILLE2321883,0000000000,893530305243719081,272039189509868
1SIMBILLE2321884,0000000000,893530305243719082,272039189509869
1SIMBILLE2321885,0000000000,893530305243719083,272039189509870
1SIMBILLE2321886,0000000000,893530305243719084,272039189509871
1SIMBILLE2321887,0000000000,893530305243719085,272039189509872
1SIMBILLE2321888,0000000000,893530305243719086,272039189509873
1SIMBILLE2321889,0000000000,893530305243719087,272039189509874
1SIMBILLE2321890,0000000000,893530305243719088,272039189509875
1SIMBILLE2321891,0000000000,893530305243719089,272039189509876
1SIMBILLE2321892,0000000000,893530305243719090,272039189509877
1SIMBILLE2321893,0000000000,893530305243719091,272039189509878
1SIMBILLE2321894,0000000000,893530305243719092,272039189509879
1SIMBILLE2321895,0000000000,893530305243719093,272039189509880
1SIMBILLE2321896,0000000000,893530305243719094,272039189509881
1SIMBILLE2321897,0000000000,893530305243719095,272039189509882
1SIMBILLE2321898,0000000000,893530305243719096,272039189509883
1SIMBILLE2321899,0000000000,893530305243719097,272039189509884
1SIMBILLE2321900,0000000000,893530305243719098,272039189509885
1SIMBILLE2321901,0000000000,893530305243719099,272039189509886
1SIMBILLE2321902,0000000000,893530305243719100,272039189509887
1SIMBILLE2321903,0000000000,893530305243719101,272039189509888
1SIMBILLE2321904,0000000000,893530305243719102,272039189509889
1SIMBILLE2321905,0000000000,893530305243719103,272039189509890
1SIMBILLE2321906,0000000000,893530305243719104,272039189509891
1SIMBILLE2321907,0000000000,893530305243719105,272039189509892
1SIMBILLE2321908,0000000000,893530305243719106,272039189509893
1SIMBILLE2321909,0000000000,893530305243719107,272039189509894
1SIMBILLE2321910,0000000000,893530305243719108,272039189509895
1SIMBILLE2321911,0000000000,893530305243719109,272039189509896
1SIMBILLE2321912,0000000000,893530305243719110,272039189509897
1SIMBILLE2321913,0000000000,893530305243719111,272039189509898
1SIMBILLE2321914,0000000000,893530305243719112,272039189509899
1SIMBILLE2321915,0000000000,893530305243719113,272039189509900
1SIMBILLE2321916,0000000000,893530305243719114,272039189509901
1SIMBILLE2321917,0000000000,893530305243719115,272039189509902
1SIMBILLE2321918,0000000000,893530305243719116,272039189509903
1SIMBILLE2321919,0000000000,893530305243719117,272039189509904
1SIMBILLE2321920,0000000000,893530305243719118,272039189509905
1SIMBILLE2321921,0000000000,893530305243719119,272039189509906
1SIMBILLE2321922,0000000000,893530305243719120,272039189509907
1SIMBILLE2321923,0000000000,893530305243719121,272039189509908
1SIMBILLE2321924,0000000000,893530305243719122,272039189509909
1SIMBILLE2321925,0000000000,893530305243719123,272039189509910
1SIMBILLE2321926,0000000000,893530305243719124,272039189509911
1SIMBILLE2321927,0000000000,893530305243719125,272039189509912
1SIMBILLE2321928,0000000000,893530305243719126,272039189509913
1SIMBILLE2321929,0000000000,893530305243719127,272039189509914
1SIMBILLE2321930,0000000000,893530305243719128,272039189509915
1SIMBILLE2321931,0000000000,893530305243719129,272039189509916
1SIMBILLE2321932,0000000000,893530305243719130,272039189509917
1SIMBILLE2321933,0000000000,893530305243719131,272039189509918
1SIMBILLE2321934,0000000000,893530305243719132,272039189509919
1SIMBILLE2321935,0000000000,893530305243719133,272039189509920
1SIMBILLE2321936,0000000000,893530305243719134,272039189509921
1SIMBILLE2321937,0000000000,893530305243719135,272039189509922
1SIMBILLE2321938,0000000000,893530305243719136,272039189509923
1SIMBILLE2321939,0000000000,893530305243719137,272039189509924
1SIMBILLE2321940,0000000000,893530305243719138,272039189509925
1SIMBILLE2321941,0000000000,893530305243719139,272039189509926
1SIMBILLE2321942,0000000000,893530305243719140,272039189509927
1SIMBILLE2321943,0000000000,893530305243719141,272039189509928
1SIMBILLE2321944,0000000000,893530305243719142,272039189509929
1SIMBILLE2321945,0000000000,893530305243719143,272039189509930
1SIMBILLE2321946,0000000000,893530305243719144,272039189509931
1SIMBILLE2321947,0000000000,893530305243719145,272039189509932
1SIMBILLE2321948,0000000000,893530305243719146,272039189509933
1SIMBILLE2321949,0000000000,893530305243719147,272039189509934
1SIMBILLE2321950,0000000000,893530305243719148,272039189509935
1SIMBILLE2321951,0000000000,893530305243719149,272039189509936
1SIMBILLE2321952,0000000000,893530305243719150,272039189509937
1SIMBILLE2321953,0000000000,893530305243719151,272039189509938
1SIMBILLE2321954,0000000000,893530305243719152,272039189509939
1SIMBILLE2321955,0000000000,893530305243719153,272039189509940
1SIMBILLE2321956,0000000000,893530305243719154,272039189509941
1SIMBILLE2321957,0000000000,893530305243719155,272039189509942
1SIMBILLE2321958,0000000000,893530305243719156,272039189509943
1SIMBILLE2321959,0000000000,893530305243719157,272039189509944
1SIMBILLE2321960,0000000000,893530305243719158,272039189509945
1SIMBILLE2321961,0000000000,893530305243719159,272039189509946
1SIMBILLE2321962,0000000000,893530305243719160,272039189509947
1SIMBILLE2321963,0000000000,893530305243719161,272039189509948
1SIMBILLE2321964,0000000000,893530305243719162,272039189509949
1SIMBILLE2321965,0000000000,893530305243719163,272039189509950
1SIMBILLE2321966,0000000000,893530305243719164,272039189509951
1SIMBILLE2321967,0000000000,893530305243719165,272039189509952
1SIMBILLE2321968,0000000000,893530305243719166,272039189509953
1SIMBILLE2321969,0000000000,893530305243719167,272039189509954
1SIMBILLE2321970,0000000000,893530305243719168,272039189509955
1SIMBILLE2321971,0000000000,893530305243719169,272039189509956
1SIMBILLE2321972,0000000000,893530305243719170,272039189509957
1SIMBILLE2321973,0000000000,893530305243719171,272039189509958
1SIMBILLE2321974,0000000000,893530305243719172,272039189509959
1SIMBILLE2321975,0000000000,893530305243719173,272039189509960
1SIMBILLE2321976,0000000000,893530305243719174,272039189509961
1SIMBILLE2321977,0000000000,893530305243719175,272039189509962
1SIMBILLE2321978,0000000000,893530305243719176,272039189509963
1SIMBILLE2321979,0000000000,893530305243719177,272039189509964
1SIMBILLE2321980,0000000000,893530305243719178,272039189509965
1SIMBILLE2321981,0000000000,893530305243719179,272039189509966
1SIMBILLE2321982,0000000000,893530305243719180,272039189509967
1SIMBILLE2321983,0000000000,893530305243719181,272039189509968
1SIMBILLE2321984,0000000000,893530305243719182,272039189509969
1SIMBILLE2321985,0000000000,893530305243719183,272039189509970
1SIMBILLE2321986,0000000000,893530305243719184,272039189509971
1SIMBILLE2321987,0000000000,893530305243719185,272039189509972
1SIMBILLE2321988,0000000000,893530305243719186,272039189509973
1SIMBILLE2321989,0000000000,893530305243719187,272039189509974
1SIMBILLE2321990,0000000000,893530305243719188,272039189509975
1SIMBILLE2321991,0000000000,893530305243719189,272039189509976
1SIMBILLE2321992,0000000000,893530305243719190,272039189509977
1SIMBILLE2321993,0000000000,893530305243719191,272039189509978
1SIMBILLE2321994,0000000000,893530305243719192,272039189509979
1SIMBILLE2321995,0000000000,893530305243719193,272039189509980
1SIMBILLE2321996,0000000000,893530305243719194,272039189509981
1SIMBILLE2321997,0000000000,893530305243719195,272039189509982
1SIMBILLE2321998,0000000000,893530305243719196,272039189509983
1SIMBILLE2321999,0000000000,893530305243719197,272039189509984
1SIMBILLE2322000,0000000000,893530305243719198,272039189509985
1SIMBILLE2322001,0000000000,893530305243719199,272039189509986
1SIMBILLE2322002,0000000000,893530305243719200,272039189509987
1SIMBILLE2322003,0000000000,893530305243719201,272039189509988
1SIMBILLE2322004,0000000000,893530305243719202,272039189509989
1SIMBILLE2322005,0000000000,893530305243719203,272039189509990
1SIMBILLE2322006,0000000000,893530305243719204,272039189509991
1SIMBILLE2322007,0000000000,893530305243719205,272039189509992
1SIMBILLE2322008,0000000000,893530305243719206,272039189509993
1SIMBILLE2322009,0000000000,893530305243719207,272039189509994
1SIMBILLE2322010,0000000000,893530305243719208,272039189509995
1SIMBILLE2322011,0000000000,893530305243719209,272039189509996
1SIMBILLE2322012,0000000000,893530305243719210,272039189509997
1SIMBILLE2322013,0000000000,893530305243719211,272039189509998
1SIMBILLE2322014,0000000000,893530305243719212,272039189509999
1SIMBILLE2322015,0000000000,893530305243719213,272039189510000
1SIMBILLE2322016,0000000000,893530305243719214,272039189510001
1SIMBILLE2322017,0000000000,893530305243719215,272039189510002
1SIMBILLE2322018,0000000000,893530305243719216,272039189510003
1SIMBILLE2322019,0000000000,893530305243719217,272039189510004
1SIMBILLE2322020,0000000000,893530305243719218,272039189510005
1SIMBILLE2322021,0000000000,893530305243719219,272039189510006
1SIMBILLE2322022,0000000000,893530305243719220,272039189510007
1SIMBILLE2322023,0000000000,893530305243719221,272039189510008
1SIMBILLE2322024,0000000000,893530305243719222,272039189510009
1SIMBILLE2322025,0000000000,893530305243719223,272039189510010
1SIMBILLE2322026,0000000000,893530305243719224,272039189510011
1SIMBILLE2322027,0000000000,893530305243719225,272039189510012
1SIMBILLE2322028,0000000000,893530305243719226,272039189510013
1SIMBILLE2322029,0000000000,893530305243719227,272039189510014
1SIMBILLE2322030,0000000000,893530305243719228,272039189510015
1SIMBILLE2322031,0000000000,893530305243719229,272039189510016
1SIMBILLE2322032,0000000000,893530305243719230,272039189510017
1SIMBILLE2322033,0000000000,893530305243719231,272039189510018
1SIMBILLE2322034,0000000000,893530305243719232,272039189510019
1SIMBILLE2322035,0000000000,893530305243719233,272039189510020
1SIMBILLE2322036,0000000000,893530305243719234,272039189510021
1SIMBILLE2322037,0000000000,893530305243719235,272039189510022
1SIMBILLE2322038,0000000000,893530305243719236,272039189510023
1SIMBILLE2322039,0000000000,893530305243719237,272039189510024
1SIMBILLE2322040,0000000000,893530305243719238,272039189510025
1SIMBILLE2322041,0000000000,893530305243719239,272039189510026
1SIMBILLE2322042,0000000000,893530305243719240,272039189510027
1SIMBILLE2322043,0000000000,893530305243719241,272039189510028
1SIMBILLE2322044,0000000000,893530305243719242,272039189510029
1SIMBILLE2322045,0000000000,893530305243719243,272039189510030
1SIMBILLE2322046,0000000000,893530305243719244,272039189510031
1SIMBILLE2322047,0000000000,893530305243719245,272039189510032
1SIMBILLE2322048,0000000000,893530305243719246,272039189510033
1SIMBILLE2322049,0000000000,893530305243719247,272039189510034
1SIMBILLE2322050,0000000000,893530305243719248,272039189510035
1SIMBILLE2322051,0000000000,893530305243719249,272039189510036
1SIMBILLE2322052,0000000000,893530305243719250,272039189510037
1SIMBILLE2322053,0000000000,893530305243719251,272039189510038
1SIMBILLE2322054,0000000000,893530305243719252,272039189510039
1SIMBILLE2322055,0000000000,893530305243719253,272039189510040
1SIMBILLE2322056,0000000000,893530305243719254,272039189510041
1SIMBILLE2322057,0000000000,893530305243719255,272039189510042
1SIMBILLE2322058,0000000000,893530305243719256,272039189510043
1SIMBILLE2322059,0000000000,893530305243719257,272039189510044
1SIMBILLE2322060,0000000000,893530305243719258,272039189510045
1SIMBILLE2322061,0000000000,893530305243719259,272039189510046
1SIMBILLE2322062,0000000000,893530305243719260,272039189510047
1SIMBILLE2322063,0000000000,893530305243719261,272039189510048
1SIMBILLE2322064,0000000000,893530305243719262,272039189510049
1SIMBILLE2322065,0000000000,893530305243719263,272039189510050
1SIMBILLE2322066,0000000000,893530305243719264,272039189510051
1SIMBILLE2322067,0000000000,893530305243719265,272039189510052
1SIMBILLE2322068,0000000000,893530305243719266,272039189510053
1SIMBILLE2322069,0000000000,893530305243719267,272039189510054
1SIMBILLE2322070,0000000000,893530305243719268,272039189510055
1SIMBILLE2322071,0000000000,893530305243719269,272039189510056
1SIMBILLE2322072,0000000000,893530305243719270,272039189510057
1SIMBILLE2322073,0000000000,893530305243719271,272039189510058
1SIMBILLE2322074,0000000000,893530305243719272,272039189510059
1SIMBILLE2322075,0000000000,893530305243719273,272039189510060
1SIMBILLE2322076,0000000000,893530305243719274,272039189510061
1SIMBILLE2322077,0000000000,893530305243719275,272039189510062
1SIMBILLE2322078,0000000000,893530305243719276,272039189510063
1SIMBILLE2322079,0000000000,893530305243719277,272039189510064
1SIMBILLE2322080,0000000000,893530305243719278,272039189510065
1SIMBILLE2322081,0000000000,893530305243719279,272039189510066
1SIMBILLE2322082,0000000000,893530305243719280,272039189510067
1SIMBILLE2322083,0000000000,893530305243719281,272039189510068
1SIMBILLE2322084,0000000000,893530305243719282,272039189510069
1SIMBILLE2322085,0000000000,893530305243719283,272039189510070
1SIMBILLE2322086,0000000000,893530305243719284,272039189510071
1SIMBILLE2322087,0000000000,893530305243719285,272039189510072
1SIMBILLE2322088,0000000000,893530305243719286,272039189510073
1SIMBILLE2322089,0000000000,893530305243719287,272039189510074
1SIMBILLE2322090,0000000000,893530305243719288,272039189510075
1SIMBILLE2322091,0000000000,893530305243719289,272039189510076
1SIMBILLE2322092,0000000000,893530305243719290,272039189510077
1SIMBILLE2322093,0000000000,893530305243719291,272039189510078
1SIMBILLE2322094,0000000000,893530305243719292,272039189510079
1SIMBILLE2322095,0000000000,893530305243719293,272039189510080
1SIMBILLE2322096,0000000000,893530305243719294,272039189510081
1SIMBILLE2322097,0000000000,893530305243719295,272039189510082
1SIMBILLE2322098,0000000000,893530305243719296,272039189510083
1SIMBILLE2322099,0000000000,893530305243719297,272039189510084
1SIMBILLE2322100,0000000000,893530305243719298,272039189510085
1SIMBILLE2322101,0000000000,893530305243719299,272039189510086
1SIMBILLE2322102,0000000000,893530305243719300,272039189510087
1SIMBILLE2322103,0000000000,893530305243719301,272039189510088
1SIMBILLE2322104,0000000000,893530305243719302,272039189510089
1SIMBILLE2322105,0000000000,893530305243719303,272039189510090
1SIMBILLE2322106,0000000000,893530305243719304,272039189510091
1SIMBILLE2322107,0000000000,893530305243719305,272039189510092
1SIMBILLE2322108,0000000000,893530305243719306,272039189510093
1SIMBILLE2322109,0000000000,893530305243719307,272039189510094
1SIMBILLE2322110,0000000000,893530305243719308,272039189510095
1SIMBILLE2322111,0000000000,893530305243719309,272039189510096
1SIMBILLE2322112,0000000000,893530305243719310,272039189510097
1SIMBILLE2322113,0000000000,893530305243719311,272039189510098
1SIMBILLE2322114,0000000000,893530305243719312,272039189510099
1SIMBILLE2322115,0000000000,893530305243719313,272039189510100
1SIMBILLE2322116,0000000000,893530305243719314,272039189510101
1SIMBILLE2322117,0000000000,893530305243719315,272039189510102
1SIMBILLE2322118,0000000000,893530305243719316,272039189510103
1SIMBILLE2322119,0000000000,893530305243719317,272039189510104
1SIMBILLE2322120,0000000000,893530305243719318,272039189510105
1SIMBILLE2322121,0000000000,893530305243719319,272039189510106
1SIMBILLE2322122,0000000000,893530305243719320,272039189510107
1SIMBILLE2322123,0000000000,893530305243719321,272039189510108
1SIMBILLE2322124,0000000000,893530305243719322,272039189510109
1SIMBILLE2322125,0000000000,893530305243719323,272039189510110
1SIMBILLE2322126,0000000000,893530305243719324,272039189510111
1SIMBILLE2322127,0000000000,893530305243719325,272039189510112
1SIMBILLE2322128,0000000000,893530305243719326,272039189510113
1SIMBILLE2322129,0000000000,893530305243719327,272039189510114
1SIMBILLE2322130,0000000000,893530305243719328,272039189510115
1SIMBILLE2322131,0000000000,893530305243719329,272039189510116
1SIMBILLE2322132,0000000000,893530305243719330,272039189510117
1SIMBILLE2322133,0000000000,893530305243719331,272039189510118
1SIMBILLE2322134,0000000000,893530305243719332,272039189510119
1SIMBILLE2322135,0000000000,893530305243719333,272039189510120
1SIMBILLE2322136,0000000000,893530305243719334,272039189510121
1SIMBILLE2322137,0000000000,893530305243719335,272039189510122
1SIMBILLE2322138,0000000000,893530305243719336,272039189510123
1SIMBILLE2322139,0000000000,893530305243719337,272039189510124
1SIMBILLE2322140,0000000000,893530305243719338,272039189510125
1SIMBILLE2322141,0000000000,893530305243719339,272039189510126
1SIMBILLE2322142,0000000000,893530305243719340,272039189510127
1SIMBILLE2322143,0000000000,893530305243719341,272039189510128
1SIMBILLE2322144,0000000000,893530305243719342,272039189510129
1SIMBILLE2322145,0000000000,893530305243719343,272039189510130
1SIMBILLE2322146,0000000000,893530305243719344,272039189510131
1SIMBILLE2322147,0000000000,893530305243719345,272039189510132
1SIMBILLE2322148,0000000000,893530305243719346,272039189510133
1SIMBILLE2322149,0000000000,893530305243719347,272039189510134
1SIMBILLE2322150,0000000000,893530305243719348,272039189510135
1SIMBILLE2322151,0000000000,893530305243719349,272039189510136
1SIMBILLE2322152,0000000000,893530305243719350,272039189510137
1SIMBILLE2322153,0000000000,893530305243719351,272039189510138
1SIMBILLE2322154,0000000000,893530305243719352,272039189510139
1SIMBILLE2322155,0000000000,893530305243719353,272039189510140
1SIMBILLE2322156,0000000000,893530305243719354,272039189510141
1SIMBILLE2322157,0000000000,893530305243719355,272039189510142
1SIMBILLE2322158,0000000000,893530305243719356,272039189510143
1SIMBILLE2322159,0000000000,893530305243719357,272039189510144
1SIMBILLE2322160,0000000000,893530305243719358,272039189510145
1SIMBILLE2322161,0000000000,893530305243719359,272039189510146
1SIMBILLE2322162,0000000000,893530305243719360,272039189510147
1SIMBILLE2322163,0000000000,893530305243719361,272039189510148
1SIMBILLE2322164,0000000000,893530305243719362,272039189510149
1SIMBILLE2322165,0000000000,893530305243719363,272039189510150
1SIMBILLE2322166,0000000000,893530305243719364,272039189510151
1SIMBILLE2322167,0000000000,893530305243719365,272039189510152
1SIMBILLE2322168,0000000000,893530305243719366,272039189510153
1SIMBILLE2322169,0000000000,893530305243719367,272039189510154
1SIMBILLE2322170,0000000000,893530305243719368,272039189510155
1SIMBILLE2322171,0000000000,893530305243719369,272039189510156
1SIMBILLE2322172,0000000000,893530305243719370,272039189510157
1SIMBILLE2322173,0000000000,893530305243719371,272039189510158
1SIMBILLE2322174,0000000000,893530305243719372,272039189510159
1SIMBILLE2322175,0000000000,893530305243719373,272039189510160
1SIMBILLE2322176,0000000000,893530305243719374,272039189510161
1SIMBILLE2322177,0000000000,893530305243719375,272039189510162
1SIMBILLE2322178,0000000000,893530305243719376,272039189510163
1SIMBILLE2322179,0000000000,893530305243719377,272039189510164
1SIMBILLE2322180,0000000000,893530305243719378,272039189510165
1SIMBILLE2322181,0000000000,893530305243719379,272039189510166
1SIMBILLE2322182,0000000000,893530305243719380,272039189510167
1SIMBILLE2322183,0000000000,893530305243719381,272039189510168
1SIMBILLE2322184,0000000000,893530305243719382,272039189510169
1SIMBILLE2322185,0000000000,893530305243719383,272039189510170
1SIMBILLE2322186,0000000000,893530305243719384,272039189510171
1SIMBILLE2322187,0000000000,893530305243719385,272039189510172
1SIMBILLE2322188,0000000000,893530305243719386,272039189510173
1SIMBILLE2322189,0000000000,893530305243719387,272039189510174
1SIMBILLE2322190,0000000000,893530305243719388,272039189510175
1SIMBILLE2322191,0000000000,893530305243719389,272039189510176
1SIMBILLE2322192,0000000000,893530305243719390,272039189510177
1SIMBILLE2322193,0000000000,893530305243719391,272039189510178
1SIMBILLE2322194,0000000000,893530305243719392,272039189510179
1SIMBILLE2322195,0000000000,893530305243719393,272039189510180
1SIMBILLE2322196,0000000000,893530305243719394,272039189510181
1SIMBILLE2322197,0000000000,893530305243719395,272039189510182
1SIMBILLE2322198,0000000000,893530305243719396,272039189510183
1SIMBILLE2322199,0000000000,893530305243719397,272039189510184
1SIMBILLE2322200,0000000000,893530305243719398,272039189510185
1SIMBILLE2322201,0000000000,893530305243719399,272039189510186
1SIMBILLE2322202,0000000000,893530305243719400,272039189510187
1SIMBILLE2322203,0000000000,893530305243719401,272039189510188
1SIMBILLE2322204,0000000000,893530305243719402,272039189510189
1SIMBILLE2322205,0000000000,893530305243719403,272039189510190
1SIMBILLE2322206,0000000000,893530305243719404,272039189510191
1SIMBILLE2322207,0000000000,893530305243719405,272039189510192
1SIMBILLE2322208,0000000000,893530305243719406,272039189510193
1SIMBILLE2322209,0000000000,893530305243719407,272039189510194
1SIMBILLE2322210,0000000000,893530305243719408,272039189510195
1SIMBILLE2322211,0000000000,893530305243719409,272039189510196
1SIMBILLE2322212,0000000000,893530305243719410,272039189510197
1SIMBILLE2322213,0000000000,893530305243719411,272039189510198
1SIMBILLE2322214,0000000000,893530305243719412,272039189510199
1SIMBILLE2322215,0000000000,893530305243719413,272039189510200
1SIMBILLE2322216,0000000000,893530305243719414,272039189510201
1SIMBILLE2322217,0000000000,893530305243719415,272039189510202
1SIMBILLE2322218,0000000000,893530305243719416,272039189510203
1SIMBILLE2322219,0000000000,893530305243719417,272039189510204
1SIMBILLE2322220,0000000000,893530305243719418,272039189510205
1SIMBILLE2322221,0000000000,893530305243719419,272039189510206
1SIMBILLE2322222,0000000000,893530305243719420,272039189510207
1SIMBILLE2322223,0000000000,893530305243719421,272039189510208
1SIMBILLE2322224,0000000000,893530305243719422,272039189510209
1SIMBILLE2322225,0000000000,893530305243719423,272039189510210
1SIMBILLE2322226,0000000000,893530305243719424,272039189510211
1SIMBILLE2322227,0000000000,893530305243719425,272039189510212
1SIMBILLE2322228,0000000000,893530305243719426,272039189510213
1SIMBILLE2322229,0000000000,893530305243719427,272039189510214
1SIMBILLE2322230,0000000000,893530305243719428,272039189510215
1SIMBILLE2322231,0000000000,893530305243719429,272039189510216
1SIMBILLE2322232,0000000000,893530305243719430,272039189510217
1SIMBILLE2322233,0000000000,893530305243719431,272039189510218
1SIMBILLE2322234,0000000000,893530305243719432,272039189510219
1SIMBILLE2322235,0000000000,893530305243719433,272039189510220
1SIMBILLE2322236,0000000000,893530305243719434,272039189510221
1SIMBILLE2322237,0000000000,893530305243719435,272039189510222
1SIMBILLE2322238,0000000000,893530305243719436,272039189510223
1SIMBILLE2322239,0000000000,893530305243719437,272039189510224
1SIMBILLE2322240,0000000000,893530305243719439,272039189510226
1SIMBILLE2322241,0000000000,893530305243719440,272039189510227
1SIMBILLE2322242,0000000000,893530305243719441,272039189510228
1SIMBILLE2322243,0000000000,893530305243719442,272039189510229
1SIMBILLE2322244,0000000000,893530305243719443,272039189510230
1SIMBILLE2322245,0000000000,893530305243719444,272039189510231
1SIMBILLE2322246,0000000000,893530305243719445,272039189510232
1SIMBILLE2322247,0000000000,893530305243719446,272039189510233
1SIMBILLE2322248,0000000000,893530305243719447,272039189510234
1SIMBILLE2322249,0000000000,893530305243719448,272039189510235
1SIMBILLE2322250,0000000000,893530305243719449,272039189510236
1SIMBILLE2322251,0000000000,893530305243719450,272039189510237
1SIMBILLE2322252,0000000000,893530305243719451,272039189510238
1SIMBILLE2322253,0000000000,893530305243719452,272039189510239
1SIMBILLE2322254,0000000000,893530305243719453,272039189510240
1SIMBILLE2322255,0000000000,893530305243719454,272039189510241
1SIMBILLE2322256,0000000000,893530305243719455,272039189510242
1SIMBILLE2322257,0000000000,893530305243719456,272039189510243
1SIMBILLE2322258,0000000000,893530305243719457,272039189510244
1SIMBILLE2322259,0000000000,893530305243719458,272039189510245
1SIMBILLE2322260,0000000000,893530305243719459,272039189510246
1SIMBILLE2322261,0000000000,893530305243719460,272039189510247
1SIMBILLE2322262,0000000000,893530305243719461,272039189510248
1SIMBILLE2322263,0000000000,893530305243719462,272039189510249
1SIMBILLE2322264,0000000000,893530305243719463,272039189510250
1SIMBILLE2322265,0000000000,893530305243719464,272039189510251
1SIMBILLE2322266,0000000000,893530305243719465,272039189510252
1SIMBILLE2322267,0000000000,893530305243719466,272039189510253
1SIMBILLE2322268,0000000000,893530305243719467,272039189510254
1SIMBILLE2322269,0000000000,893530305243719468,272039189510255
1SIMBILLE2322270,0000000000,893530305243719469,272039189510256
1SIMBILLE2322271,0000000000,893530305243719470,272039189510257
1SIMBILLE2322272,0000000000,893530305243719471,272039189510258
1SIMBILLE2322273,0000000000,893530305243719472,272039189510259
1SIMBILLE2322274,0000000000,893530305243719473,272039189510260
1SIMBILLE2322275,0000000000,893530305243719474,272039189510261
1SIMBILLE2322276,0000000000,893530305243719475,272039189510262
1SIMBILLE2322277,0000000000,893530305243719476,272039189510263
1SIMBILLE2322278,0000000000,893530305243719477,272039189510264
1SIMBILLE2322279,0000000000,893530305243719478,272039189510265
1SIMBILLE2322280,0000000000,893530305243719479,272039189510266
1SIMBILLE2322281,0000000000,893530305243719480,272039189510267
1SIMBILLE2322282,0000000000,893530305243719481,272039189510268
1SIMBILLE2322283,0000000000,893530305243719482,272039189510269
1SIMBILLE2322284,0000000000,893530305243719483,272039189510270
1SIMBILLE2322285,0000000000,893530305243719484,272039189510271
1SIMBILLE2322286,0000000000,893530305243719485,272039189510272
1SIMBILLE2322287,0000000000,893530305243719486,272039189510273
1SIMBILLE2322288,0000000000,893530305243719487,272039189510274
1SIMBILLE2322289,0000000000,893530305243719488,272039189510275
1SIMBILLE2322290,0000000000,893530305243719489,272039189510276
1SIMBILLE2322291,0000000000,893530305243719490,272039189510277
1SIMBILLE2322292,0000000000,893530305243719491,272039189510278
1SIMBILLE2322293,0000000000,893530305243719492,272039189510279
1SIMBILLE2322294,0000000000,893530305243719493,272039189510280
1SIMBILLE2322295,0000000000,893530305243719494,272039189510281
1SIMBILLE2322296,0000000000,893530305243719495,272039189510282
1SIMBILLE2322297,0000000000,893530305243719496,272039189510283
1SIMBILLE2322298,0000000000,893530305243719497,272039189510284
1SIMBILLE2322299,0000000000,893530305243719498,272039189510285
1SIMBILLE2322300,0000000000,893530305243719499,272039189510286
1SIMBILLE2322301,0000000000,893530305243719500,272039189510287
1SIMBILLE2322302,0000000000,893530305243719501,272039189510288
1SIMBILLE2322303,0000000000,893530305243719502,272039189510289
1SIMBILLE2322304,0000000000,893530305243719503,272039189510290
1SIMBILLE2322305,0000000000,893530305243719504,272039189510291
1SIMBILLE2322306,0000000000,893530305243719505,272039189510292
1SIMBILLE2322307,0000000000,893530305243719506,272039189510293
1SIMBILLE2322308,0000000000,893530305243719507,272039189510294
1SIMBILLE2322309,0000000000,893530305243719508,272039189510295
1SIMBILLE2322310,0000000000,893530305243719509,272039189510296
1SIMBILLE2322311,0000000000,893530305243719510,272039189510297
1SIMBILLE2322312,0000000000,893530305243719511,272039189510298
1SIMBILLE2322313,0000000000,893530305243719512,272039189510299
1SIMBILLE2322314,0000000000,893530305243719513,272039189510300
1SIMBILLE2322315,0000000000,893530305243719514,272039189510301
1SIMBILLE2322316,0000000000,893530305243719515,272039189510302
1SIMBILLE2322317,0000000000,893530305243719516,272039189510303
1SIMBILLE2322318,0000000000,893530305243719517,272039189510304
1SIMBILLE2322319,0000000000,893530305243719518,272039189510305
1SIMBILLE2322320,0000000000,893530305243719519,272039189510306
1SIMBILLE2322321,0000000000,893530305243719520,272039189510307
1SIMBILLE2322322,0000000000,893530305243719521,272039189510308
1SIMBILLE2322323,0000000000,893530305243719522,272039189510309
1SIMBILLE2322324,0000000000,893530305243719523,272039189510310
1SIMBILLE2322325,0000000000,893530305243719524,272039189510311
1SIMBILLE2322326,0000000000,893530305243719525,272039189510312
1SIMBILLE2322327,0000000000,893530305243719526,272039189510313
1SIMBILLE2322328,0000000000,893530305243719527,272039189510314
1SIMBILLE2322329,0000000000,893530305243719528,272039189510315
1SIMBILLE2322330,0000000000,893530305243719529,272039189510316
1SIMBILLE2322331,0000000000,893530305243719530,272039189510317
1SIMBILLE2322332,0000000000,893530305243719531,272039189510318
1SIMBILLE2322333,0000000000,893530305243719532,272039189510319
1SIMBILLE2322334,0000000000,893530305243719533,272039189510320
1SIMBILLE2322335,0000000000,893530305243719534,272039189510321
1SIMBILLE2322336,0000000000,893530305243719535,272039189510322
1SIMBILLE2322337,0000000000,893530305243719536,272039189510323
1SIMBILLE2322338,0000000000,893530305243719537,272039189510324
1SIMBILLE2322339,0000000000,893530305243719538,272039189510325
1SIMBILLE2322340,0000000000,893530305243719539,272039189510326
1SIMBILLE2322341,0000000000,893530305243719540,272039189510327
1SIMBILLE2322342,0000000000,893530305243719541,272039189510328
1SIMBILLE2322343,0000000000,893530305243719542,272039189510329
1SIMBILLE2322344,0000000000,893530305243719543,272039189510330
1SIMBILLE2322345,0000000000,893530305243719544,272039189510331
1SIMBILLE2322346,0000000000,893530305243719545,272039189510332
1SIMBILLE2322347,0000000000,893530305243719546,272039189510333
1SIMBILLE2322348,0000000000,893530305243719547,272039189510334
1SIMBILLE2322349,0000000000,893530305243719548,272039189510335
1SIMBILLE2322350,0000000000,893530305243719549,272039189510336
1SIMBILLE2322351,0000000000,893530305243719550,272039189510337
1SIMBILLE2322352,0000000000,893530305243719551,272039189510338
1SIMBILLE2322353,0000000000,893530305243719552,272039189510339
1SIMBILLE2322354,0000000000,893530305243719553,272039189510340
1SIMBILLE2322355,0000000000,893530305243719554,272039189510341
1SIMBILLE2322356,0000000000,893530305243719555,272039189510342
1SIMBILLE2322357,0000000000,893530305243719556,272039189510343
1SIMBILLE2322358,0000000000,893530305243719557,272039189510344
1SIMBILLE2322359,0000000000,893530305243719558,272039189510345
1SIMBILLE2322360,0000000000,893530305243719559,272039189510346
1SIMBILLE2322361,0000000000,893530305243719560,272039189510347
1SIMBILLE2322362,0000000000,893530305243719561,272039189510348
1SIMBILLE2322363,0000000000,893530305243719562,272039189510349
1SIMBILLE2322364,0000000000,893530305243719563,272039189510350
1SIMBILLE2322365,0000000000,893530305243719564,272039189510351
1SIMBILLE2322366,0000000000,893530305243719565,272039189510352
1SIMBILLE2322367,0000000000,893530305243719566,272039189510353
1SIMBILLE2322368,0000000000,893530305243719567,272039189510354
1SIMBILLE2322369,0000000000,893530305243719568,272039189510355
1SIMBILLE2322370,0000000000,893530305243719569,272039189510356
1SIMBILLE2322371,0000000000,893530305243719570,272039189510357
1SIMBILLE2322372,0000000000,893530305243719571,272039189510358
1SIMBILLE2322373,0000000000,893530305243719572,272039189510359
1SIMBILLE2322374,0000000000,893530305243719573,272039189510360
1SIMBILLE2322375,0000000000,893530305243719574,272039189510361
1SIMBILLE2322376,0000000000,893530305243719575,272039189510362
1SIMBILLE2322377,0000000000,893530305243719576,272039189510363
1SIMBILLE2322378,0000000000,893530305243719577,272039189510364
1SIMBILLE2322379,0000000000,893530305243719578,272039189510365
1SIMBILLE2322380,0000000000,893530305243719579,272039189510366
1SIMBILLE2322381,0000000000,893530305243719580,272039189510367
1SIMBILLE2322382,0000000000,893530305243719581,272039189510368
1SIMBILLE2322383,0000000000,893530305243719582,272039189510369
1SIMBILLE2322384,0000000000,893530305243719583,272039189510370
1SIMBILLE2322385,0000000000,893530305243719584,272039189510371
1SIMBILLE2322386,0000000000,893530305243719585,272039189510372
1SIMBILLE2322387,0000000000,893530305243719586,272039189510373
1SIMBILLE2322388,0000000000,893530305243719587,272039189510374
1SIMBILLE2322389,0000000000,893530305243719588,272039189510375
1SIMBILLE2322390,0000000000,893530305243719589,272039189510376
1SIMBILLE2322391,0000000000,893530305243719590,272039189510377
1SIMBILLE2322392,0000000000,893530305243719591,272039189510378
1SIMBILLE2322393,0000000000,893530305243719592,272039189510379
1SIMBILLE2322394,0000000000,893530305243719593,272039189510380
1SIMBILLE2322395,0000000000,893530305243719594,272039189510381
1SIMBILLE2322396,0000000000,893530305243719595,272039189510382
1SIMBILLE2322397,0000000000,893530305243719596,272039189510383
1SIMBILLE2322398,0000000000,893530305243719597,272039189510384
1SIMBILLE2322399,0000000000,893530305243719598,272039189510385
1SIMBILLE2322400,0000000000,893530305243719599,272039189510386
1SIMBILLE2322401,0000000000,893530305243719600,272039189510387
1SIMBILLE2322402,0000000000,893530305243719601,272039189510388
1SIMBILLE2322403,0000000000,893530305243719602,272039189510389
1SIMBILLE2322404,0000000000,893530305243719603,272039189510390
1SIMBILLE2322405,0000000000,893530305243719604,272039189510391
1SIMBILLE2322406,0000000000,893530305243719605,272039189510392
1SIMBILLE2322407,0000000000,893530305243719606,272039189510393
1SIMBILLE2322408,0000000000,893530305243719607,272039189510394
1SIMBILLE2322409,0000000000,893530305243719608,272039189510395
1SIMBILLE2322410,0000000000,893530305243719609,272039189510396
1SIMBILLE2322411,0000000000,893530305243719610,272039189510397
1SIMBILLE2322412,0000000000,893530305243719611,272039189510398
1SIMBILLE2322413,0000000000,893530305243719612,272039189510399
1SIMBILLE2322414,0000000000,893530305243719613,272039189510400
1SIMBILLE2322415,0000000000,893530305243719614,272039189510401
1SIMBILLE2322416,0000000000,893530305243719615,272039189510402
1SIMBILLE2322417,0000000000,893530305243719616,272039189510403
1SIMBILLE2322418,0000000000,893530305243719617,272039189510404
1SIMBILLE2322419,0000000000,893530305243719618,272039189510405
1SIMBILLE2322420,0000000000,893530305243719619,272039189510406
1SIMBILLE2322421,0000000000,893530305243719620,272039189510407
1SIMBILLE2322422,0000000000,893530305243719621,272039189510408
1SIMBILLE2322423,0000000000,893530305243719622,272039189510409
1SIMBILLE2322424,0000000000,893530305243719623,272039189510410
1SIMBILLE2322425,0000000000,893530305243719624,272039189510411
1SIMBILLE2322426,0000000000,893530305243719625,272039189510412
1SIMBILLE2322427,0000000000,893530305243719626,272039189510413
1SIMBILLE2322428,0000000000,893530305243719627,272039189510414
1SIMBILLE2322429,0000000000,893530305243719628,272039189510415
1SIMBILLE2322430,0000000000,893530305243719629,272039189510416
1SIMBILLE2322431,0000000000,893530305243719630,272039189510417
1SIMBILLE2322432,0000000000,893530305243719631,272039189510418
1SIMBILLE2322433,0000000000,893530305243719632,272039189510419
1SIMBILLE2322434,0000000000,893530305243719633,272039189510420
1SIMBILLE2322435,0000000000,893530305243719634,272039189510421
1SIMBILLE2322436,0000000000,893530305243719635,272039189510422
1SIMBILLE2322437,0000000000,893530305243719636,272039189510423
1SIMBILLE2322438,0000000000,893530305243719637,272039189510424
1SIMBILLE2322439,0000000000,893530305243719638,272039189510425
1SIMBILLE2322440,0000000000,893530305243719639,272039189510426
1SIMBILLE2322441,0000000000,893530305243719640,272039189510427
1SIMBILLE2322442,0000000000,893530305243719641,272039189510428
1SIMBILLE2322443,0000000000,893530305243719642,272039189510429
1SIMBILLE2322444,0000000000,893530305243719643,272039189510430
1SIMBILLE2322445,0000000000,893530305243719644,272039189510431
1SIMBILLE2322446,0000000000,893530305243719645,272039189510432
1SIMBILLE2322447,0000000000,893530305243719646,272039189510433
1SIMBILLE2322448,0000000000,893530305243719647,272039189510434
1SIMBILLE2322449,0000000000,893530305243719648,272039189510435
1SIMBILLE2322450,0000000000,893530305243719649,272039189510436
1SIMBILLE2322451,0000000000,893530305243719650,272039189510437
1SIMBILLE2322452,0000000000,893530305243719651,272039189510438
1SIMBILLE2322453,0000000000,893530305243719652,272039189510439
1SIMBILLE2322454,0000000000,893530305243719653,272039189510440
1SIMBILLE2322455,0000000000,893530305243719654,272039189510441
1SIMBILLE2322456,0000000000,893530305243719655,272039189510442
1SIMBILLE2322457,0000000000,893530305243719656,272039189510443
1SIMBILLE2322458,0000000000,893530305243719657,272039189510444
1SIMBILLE2322459,0000000000,893530305243719658,272039189510445
1SIMBILLE2322460,0000000000,893530305243719659,272039189510446
1SIMBILLE2322461,0000000000,893530305243719660,272039189510447
1SIMBILLE2322462,0000000000,893530305243719661,272039189510448
1SIMBILLE2322463,0000000000,893530305243719662,272039189510449
1SIMBILLE2322464,0000000000,893530305243719663,272039189510450
1SIMBILLE2322465,0000000000,893530305243719664,272039189510451
1SIMBILLE2322466,0000000000,893530305243719665,272039189510452
1SIMBILLE2322467,0000000000,893530305243719666,272039189510453
1SIMBILLE2322468,0000000000,893530305243719667,272039189510454
1SIMBILLE2322469,0000000000,893530305243719668,272039189510455
1SIMBILLE2322470,0000000000,893530305243719669,272039189510456
1SIMBILLE2322471,0000000000,893530305243719670,272039189510457
1SIMBILLE2322472,0000000000,893530305243719671,272039189510458
1SIMBILLE2322473,0000000000,893530305243719672,272039189510459
1SIMBILLE2322474,0000000000,893530305243719673,272039189510460
1SIMBILLE2322475,0000000000,893530305243719674,272039189510461
1SIMBILLE2322476,0000000000,893530305243719675,272039189510462
1SIMBILLE2322477,0000000000,893530305243719676,272039189510463
1SIMBILLE2322478,0000000000,893530305243719677,272039189510464
1SIMBILLE2322479,0000000000,893530305243719678,272039189510465
1SIMBILLE2322480,0000000000,893530305243719679,272039189510466
1SIMBILLE2322481,0000000000,893530305243719680,272039189510467
1SIMBILLE2322482,0000000000,893530305243719681,272039189510468
1SIMBILLE2322483,0000000000,893530305243719682,272039189510469
1SIMBILLE2322484,0000000000,893530305243719683,272039189510470
1SIMBILLE2322485,0000000000,893530305243719684,272039189510471
1SIMBILLE2322486,0000000000,893530305243719685,272039189510472
1SIMBILLE2322487,0000000000,893530305243719686,272039189510473
1SIMBILLE2322488,0000000000,893530305243719687,272039189510474
1SIMBILLE2322489,0000000000,893530305243719688,272039189510475
1SIMBILLE2322490,0000000000,893530305243719689,272039189510476
1SIMBILLE2322491,0000000000,893530305243719690,272039189510477
1SIMBILLE2322492,0000000000,893530305243719691,272039189510478
1SIMBILLE2322493,0000000000,893530305243719692,272039189510479
1SIMBILLE2322494,0000000000,893530305243719693,272039189510480
1SIMBILLE2322495,0000000000,893530305243719694,272039189510481
1SIMBILLE2322496,0000000000,893530305243719695,272039189510482
1SIMBILLE2322497,0000000000,893530305243719696,272039189510483
1SIMBILLE2322498,0000000000,893530305243719697,272039189510484
1SIMBILLE2322499,0000000000,893530305243719698,272039189510485
1SIMBILLE2322500,0000000000,893530305243719699,272039189510486
1SIMBILLE2322501,0000000000,893530305243719700,272039189510487
1SIMBILLE2322502,0000000000,893530305243719701,272039189510488
1SIMBILLE2322503,0000000000,893530305243719702,272039189510489
1SIMBILLE2322504,0000000000,893530305243719703,272039189510490
1SIMBILLE2322505,0000000000,893530305243719704,272039189510491
1SIMBILLE2322506,0000000000,893530305243719705,272039189510492
1SIMBILLE2322507,0000000000,893530305243719706,272039189510493
1SIMBILLE2322508,0000000000,893530305243719707,272039189510494
1SIMBILLE2322509,0000000000,893530305243719708,272039189510495
1SIMBILLE2322510,0000000000,893530305243719709,272039189510496
1SIMBILLE2322511,0000000000,893530305243719710,272039189510497
1SIMBILLE2322512,0000000000,893530305243719711,272039189510498
1SIMBILLE2322513,0000000000,893530305243719712,272039189510499
1SIMBILLE2322514,0000000000,893530305243719713,272039189510500
1SIMBILLE2322515,0000000000,893530305243719714,272039189510501
1SIMBILLE2322516,0000000000,893530305243719715,272039189510502
1SIMBILLE2322517,0000000000,893530305243719716,272039189510503
1SIMBILLE2322518,0000000000,893530305243719717,272039189510504
1SIMBILLE2322519,0000000000,893530305243719718,272039189510505
1SIMBILLE2322520,0000000000,893530305243719719,272039189510506
1SIMBILLE2322521,0000000000,893530305243719720,272039189510507
1SIMBILLE2322522,0000000000,893530305243719721,272039189510508
1SIMBILLE2322523,0000000000,893530305243719722,272039189510509
1SIMBILLE2322524,0000000000,893530305243719723,272039189510510
1SIMBILLE2322525,0000000000,893530305243719724,272039189510511
1SIMBILLE2322526,0000000000,893530305243719725,272039189510512
1SIMBILLE2322527,0000000000,893530305243719726,272039189510513
1SIMBILLE2322528,0000000000,893530305243719727,272039189510514
1SIMBILLE2322529,0000000000,893530305243719728,272039189510515
1SIMBILLE2322530,0000000000,893530305243719729,272039189510516
1SIMBILLE2322531,0000000000,893530305243719730,272039189510517
1SIMBILLE2322532,0000000000,893530305243719731,272039189510518
1SIMBILLE2322533,0000000000,893530305243719732,272039189510519
1SIMBILLE2322534,0000000000,893530305243719733,272039189510520
1SIMBILLE2322535,0000000000,893530305243719734,272039189510521
1SIMBILLE2322536,0000000000,893530305243719735,272039189510522
1SIMBILLE2322537,0000000000,893530305243719736,272039189510523
1SIMBILLE2322538,0000000000,893530305243719737,272039189510524
1SIMBILLE2322539,0000000000,893530305243719738,272039189510525
1SIMBILLE2322540,0000000000,893530305243719739,272039189510526
1SIMBILLE2322541,0000000000,893530305243719740,272039189510527
1SIMBILLE2322542,0000000000,893530305243719741,272039189510528
1SIMBILLE2322543,0000000000,893530305243719742,272039189510529
1SIMBILLE2322544,0000000000,893530305243719743,272039189510530
1SIMBILLE2322545,0000000000,893530305243719744,272039189510531
1SIMBILLE2322546,0000000000,893530305243719745,272039189510532
1SIMBILLE2322547,0000000000,893530305243719746,272039189510533
1SIMBILLE2322548,0000000000,893530305243719747,272039189510534
1SIMBILLE2322549,0000000000,893530305243719748,272039189510535
1SIMBILLE2322550,0000000000,893530305243719749,272039189510536
1SIMBILLE2322551,0000000000,893530305243719750,272039189510537
1SIMBILLE2322552,0000000000,893530305243719751,272039189510538
1SIMBILLE2322553,0000000000,893530305243719752,272039189510539
1SIMBILLE2322554,0000000000,893530305243719753,272039189510540
1SIMBILLE2322555,0000000000,893530305243719754,272039189510541
1SIMBILLE2322556,0000000000,893530305243719755,272039189510542
1SIMBILLE2322557,0000000000,893530305243719756,272039189510543
1SIMBILLE2322558,0000000000,893530305243719757,272039189510544
1SIMBILLE2322559,0000000000,893530305243719758,272039189510545
1SIMBILLE2322560,0000000000,893530305243719759,272039189510546
1SIMBILLE2322561,0000000000,893530305243719760,272039189510547
1SIMBILLE2322562,0000000000,893530305243719761,272039189510548
1SIMBILLE2322563,0000000000,893530305243719762,272039189510549
1SIMBILLE2322564,0000000000,893530305243719763,272039189510550
1SIMBILLE2322565,0000000000,893530305243719764,272039189510551
1SIMBILLE2322566,0000000000,893530305243719765,272039189510552
1SIMBILLE2322567,0000000000,893530305243719766,272039189510553
1SIMBILLE2322568,0000000000,893530305243719767,272039189510554
1SIMBILLE2322569,0000000000,893530305243719768,272039189510555
1SIMBILLE2322570,0000000000,893530305243719769,272039189510556
1SIMBILLE2322571,0000000000,893530305243719770,272039189510557
1SIMBILLE2322572,0000000000,893530305243719771,272039189510558
1SIMBILLE2322573,0000000000,893530305243719772,272039189510559
1SIMBILLE2322574,0000000000,893530305243719773,272039189510560
1SIMBILLE2322575,0000000000,893530305243719774,272039189510561
1SIMBILLE2322576,0000000000,893530305243719775,272039189510562
1SIMBILLE2322577,0000000000,893530305243719776,272039189510563
1SIMBILLE2322578,0000000000,893530305243719777,272039189510564
1SIMBILLE2322579,0000000000,893530305243719778,272039189510565
1SIMBILLE2322580,0000000000,893530305243719779,272039189510566
1SIMBILLE2322581,0000000000,893530305243719780,272039189510567
1SIMBILLE2322582,0000000000,893530305243719781,272039189510568
1SIMBILLE2322583,0000000000,893530305243719782,272039189510569
1SIMBILLE2322584,0000000000,893530305243719783,272039189510570
1SIMBILLE2322585,0000000000,893530305243719784,272039189510571
1SIMBILLE2322586,0000000000,893530305243719785,272039189510572
1SIMBILLE2322587,0000000000,893530305243719786,272039189510573
1SIMBILLE2322588,0000000000,893530305243719787,272039189510574
1SIMBILLE2322589,0000000000,893530305243719788,272039189510575
1SIMBILLE2322590,0000000000,893530305243719789,272039189510576
1SIMBILLE2322591,0000000000,893530305243719790,272039189510577
1SIMBILLE2322592,0000000000,893530305243719791,272039189510578
1SIMBILLE2322593,0000000000,893530305243719792,272039189510579
1SIMBILLE2322594,0000000000,893530305243719793,272039189510580
1SIMBILLE2322595,0000000000,893530305243719794,272039189510581
1SIMBILLE2322596,0000000000,893530305243719795,272039189510582
1SIMBILLE2322597,0000000000,893530305243719796,272039189510583
1SIMBILLE2322598,0000000000,893530305243719797,272039189510584
1SIMBILLE2322599,0000000000,893530305243719798,272039189510585
1SIMBILLE2322600,0000000000,893530305243719799,272039189510586
1SIMBILLE2322601,0000000000,893530305243719800,272039189510587
1SIMBILLE2322602,0000000000,893530305243719801,272039189510588
1SIMBILLE2322603,0000000000,893530305243719802,272039189510589
1SIMBILLE2322604,0000000000,893530305243719803,272039189510590
1SIMBILLE2322605,0000000000,893530305243719804,272039189510591
1SIMBILLE2322606,0000000000,893530305243719805,272039189510592
1SIMBILLE2322607,0000000000,893530305243719806,272039189510593
1SIMBILLE2322608,0000000000,893530305243719807,272039189510594
1SIMBILLE2322609,0000000000,893530305243719808,272039189510595
1SIMBILLE2322610,0000000000,893530305243719809,272039189510596
1SIMBILLE2322611,0000000000,893530305243719810,272039189510597
1SIMBILLE2322612,0000000000,893530305243719811,272039189510598
1SIMBILLE2322613,0000000000,893530305243719812,272039189510599
1SIMBILLE2322614,0000000000,893530305243719813,272039189510600
1SIMBILLE2322615,0000000000,893530305243719814,272039189510601
1SIMBILLE2322616,0000000000,893530305243719815,272039189510602
1SIMBILLE2322617,0000000000,893530305243719816,272039189510603
1SIMBILLE2322618,0000000000,893530305243719817,272039189510604
1SIMBILLE2322619,0000000000,893530305243719818,272039189510605
1SIMBILLE2322620,0000000000,893530305243719819,272039189510606
1SIMBILLE2322621,0000000000,893530305243719820,272039189510607
1SIMBILLE2322622,0000000000,893530305243719821,272039189510608
1SIMBILLE2322623,0000000000,893530305243719822,272039189510609
1SIMBILLE2322624,0000000000,893530305243719823,272039189510610
1SIMBILLE2322625,0000000000,893530305243719824,272039189510611
1SIMBILLE2322626,0000000000,893530305243719825,272039189510612
1SIMBILLE2322627,0000000000,893530305243719826,272039189510613
1SIMBILLE2322628,0000000000,893530305243719827,272039189510614
1SIMBILLE2322629,0000000000,893530305243719828,272039189510615
1SIMBILLE2322630,0000000000,893530305243719829,272039189510616
1SIMBILLE2322631,0000000000,893530305243719830,272039189510617
1SIMBILLE2322632,0000000000,893530305243719831,272039189510618
1SIMBILLE2322633,0000000000,893530305243719832,272039189510619
1SIMBILLE2322634,0000000000,893530305243719833,272039189510620
1SIMBILLE2322635,0000000000,893530305243719834,272039189510621
1SIMBILLE2322636,0000000000,893530305243719835,272039189510622
1SIMBILLE2322637,0000000000,893530305243719836,272039189510623
1SIMBILLE2322638,0000000000,893530305243719837,272039189510624
1SIMBILLE2322639,0000000000,893530305243719838,272039189510625
1SIMBILLE2322640,0000000000,893530305243719839,272039189510626
1SIMBILLE2322641,0000000000,893530305243719840,272039189510627
1SIMBILLE2322642,0000000000,893530305243719841,272039189510628
1SIMBILLE2322643,0000000000,893530305243719842,272039189510629
1SIMBILLE2322644,0000000000,893530305243719843,272039189510630
1SIMBILLE2322645,0000000000,893530305243719844,272039189510631
1SIMBILLE2322646,0000000000,893530305243719845,272039189510632
1SIMBILLE2322647,0000000000,893530305243719846,272039189510633
1SIMBILLE2322648,0000000000,893530305243719847,272039189510634
1SIMBILLE2322649,0000000000,893530305243719848,272039189510635
1SIMBILLE2322650,0000000000,893530305243719849,272039189510636
1SIMBILLE2322651,0000000000,893530305243719850,272039189510637
1SIMBILLE2322652,0000000000,893530305243719851,272039189510638
1SIMBILLE2322653,0000000000,893530305243719852,272039189510639
1SIMBILLE2322654,0000000000,893530305243719853,272039189510640
1SIMBILLE2322655,0000000000,893530305243719854,272039189510641
1SIMBILLE2322656,0000000000,893530305243719855,272039189510642
1SIMBILLE2322657,0000000000,893530305243719856,272039189510643
1SIMBILLE2322658,0000000000,893530305243719857,272039189510644
1SIMBILLE2322659,0000000000,893530305243719858,272039189510645
1SIMBILLE2322660,0000000000,893530305243719859,272039189510646
1SIMBILLE2322661,0000000000,893530305243719860,272039189510647
1SIMBILLE2322662,0000000000,893530305243719861,272039189510648
1SIMBILLE2322663,0000000000,893530305243719862,272039189510649
1SIMBILLE2322664,0000000000,893530305243719863,272039189510650
1SIMBILLE2322665,0000000000,893530305243719864,272039189510651
1SIMBILLE2322666,0000000000,893530305243719865,272039189510652
1SIMBILLE2322667,0000000000,893530305243719866,272039189510653
1SIMBILLE2322668,0000000000,893530305243719867,272039189510654
1SIMBILLE2322669,0000000000,893530305243719868,272039189510655
1SIMBILLE2322670,0000000000,893530305243719869,272039189510656
1SIMBILLE2322671,0000000000,893530305243719870,272039189510657
1SIMBILLE2322672,0000000000,893530305243719871,272039189510658
1SIMBILLE2322673,0000000000,893530305243719872,272039189510659
1SIMBILLE2322674,0000000000,893530305243719873,272039189510660
1SIMBILLE2322675,0000000000,893530305243719874,272039189510661
1SIMBILLE2322676,0000000000,893530305243719875,272039189510662
1SIMBILLE2322677,0000000000,893530305243719876,272039189510663
1SIMBILLE2322678,0000000000,893530305243719877,272039189510664
1SIMBILLE2322679,0000000000,893530305243719878,272039189510665
1SIMBILLE2322680,0000000000,893530305243719879,272039189510666
1SIMBILLE2322681,0000000000,893530305243719880,272039189510667
1SIMBILLE2322682,0000000000,893530305243719881,272039189510668
1SIMBILLE2322683,0000000000,893530305243719882,272039189510669
1SIMBILLE2322684,0000000000,893530305243719883,272039189510670
1SIMBILLE2322685,0000000000,893530305243719884,272039189510671
1SIMBILLE2322686,0000000000,893530305243719885,272039189510672
1SIMBILLE2322687,0000000000,893530305243719886,272039189510673
1SIMBILLE2322688,0000000000,893530305243719887,272039189510674
1SIMBILLE2322689,0000000000,893530305243719888,272039189510675
1SIMBILLE2322690,0000000000,893530305243719889,272039189510676
1SIMBILLE2322691,0000000000,893530305243719890,272039189510677
1SIMBILLE2322692,0000000000,893530305243719891,272039189510678
1SIMBILLE2322693,0000000000,893530305243719892,272039189510679
1SIMBILLE2322694,0000000000,893530305243719893,272039189510680
1SIMBILLE2322695,0000000000,893530305243719894,272039189510681
1SIMBILLE2322696,0000000000,893530305243719895,272039189510682
1SIMBILLE2322697,0000000000,893530305243719896,272039189510683
1SIMBILLE2322698,0000000000,893530305243719897,272039189510684
1SIMBILLE2322699,0000000000,893530305243719898,272039189510685
1SIMBILLE2322700,0000000000,893530305243719899,272039189510686
1SIMBILLE2322701,0000000000,893530305243719900,272039189510687
1SIMBILLE2322702,0000000000,893530305243719901,272039189510688
1SIMBILLE2322703,0000000000,893530305243719902,272039189510689
1SIMBILLE2322704,0000000000,893530305243719903,272039189510690
1SIMBILLE2322705,0000000000,893530305243719904,272039189510691
1SIMBILLE2322706,0000000000,893530305243719905,272039189510692
1SIMBILLE2322707,0000000000,893530305243719906,272039189510693
1SIMBILLE2322708,0000000000,893530305243719907,272039189510694
1SIMBILLE2322709,0000000000,893530305243719908,272039189510695
1SIMBILLE2322710,0000000000,893530305243719909,272039189510696
1SIMBILLE2322711,0000000000,893530305243719910,272039189510697