1SIMBILLE2311725,0850212049,893530305243718062,272039189508849
1SIMBILLE2311726,0850212050,893530305243718063,272039189508850
1SIMBILLE2311727,0850212051,893530305243718064,272039189508851
1SIMBILLE2311728,0850212052,893530305243718065,272039189508852
1SIMBILLE2311729,0850212053,893530305243718066,272039189508853
1SIMBILLE2311730,0850212054,893530305243718067,272039189508854
1SIMBILLE2311731,0850212055,893530305243718068,272039189508855
1SIMBILLE2311732,0850212056,893530305243718069,272039189508856
1SIMBILLE2311733,0850212057,893530305243718070,272039189508857
1SIMBILLE2311734,0850212058,893530305243718071,272039189508858
1SIMBILLE2311735,0850212059,893530305243718072,272039189508859
1SIMBILLE2311736,0850212060,893530305243718073,272039189508860
1SIMBILLE2311737,0850212061,893530305243718074,272039189508861
1SIMBILLE2311738,0850212062,893530305243718075,272039189508862
1SIMBILLE2311739,0850212063,893530305243718076,272039189508863
1SIMBILLE2311740,0850212064,893530305243718077,272039189508864
1SIMBILLE2311741,0850212065,893530305243718078,272039189508865
1SIMBILLE2311742,0850212066,893530305243718079,272039189508866
1SIMBILLE2311743,0850212067,893530305243718080,272039189508867
1SIMBILLE2311744,0850212068,893530305243718081,272039189508868
1SIMBILLE2311745,0850212069,893530305243718082,272039189508869
1SIMBILLE2311746,0850212070,893530305243718083,272039189508870
1SIMBILLE2311747,0850212071,893530305243718084,272039189508871
1SIMBILLE2311748,0850212072,893530305243718085,272039189508872
1SIMBILLE2311749,0850212073,893530305243718086,272039189508873
1SIMBILLE2311750,0850212074,893530305243718087,272039189508874
1SIMBILLE2311751,0850212075,893530305243718088,272039189508875
1SIMBILLE2311752,0850212076,893530305243718089,272039189508876
1SIMBILLE2311753,0850212077,893530305243718090,272039189508877
1SIMBILLE2311754,0850212078,893530305243718091,272039189508878
1SIMBILLE2311755,0850212079,893530305243718092,272039189508879
1SIMBILLE2311756,0850212080,893530305243718093,272039189508880
1SIMBILLE2311757,0850212081,893530305243718094,272039189508881
1SIMBILLE2311758,0850212082,893530305243718095,272039189508882
1SIMBILLE2311759,0850212083,893530305243718096,272039189508883
1SIMBILLE2311760,0850212084,893530305243718097,272039189508884
1SIMBILLE2311761,0850212085,893530305243718098,272039189508885
1SIMBILLE2311762,0850212086,893530305243718099,272039189508886
1SIMBILLE2311763,0850212087,893530305243718100,272039189508887
1SIMBILLE2311764,0850212088,893530305243718101,272039189508888
1SIMBILLE2311765,0850212089,893530305243718102,272039189508889
1SIMBILLE2311766,0850212090,893530305243718103,272039189508890
1SIMBILLE2311767,0850212091,893530305243718104,272039189508891
1SIMBILLE2311768,0850212092,893530305243718105,272039189508892
1SIMBILLE2311769,0850212093,893530305243718106,272039189508893
1SIMBILLE2311770,0850212094,893530305243718107,272039189508894
1SIMBILLE2311771,0850212095,893530305243718108,272039189508895
1SIMBILLE2311772,0850212096,893530305243718109,272039189508896
1SIMBILLE2311773,0850212097,893530305243718110,272039189508897
1SIMBILLE2311774,0850212098,893530305243718111,272039189508898
1SIMBILLE2311775,0850212099,893530305243718112,272039189508899
1SIMBILLE2311776,0850212100,893530305243718113,272039189508900
1SIMBILLE2311777,0850212101,893530305243718114,272039189508901
1SIMBILLE2311778,0850212102,893530305243718115,272039189508902
1SIMBILLE2311779,0850212103,893530305243718116,272039189508903
1SIMBILLE2311780,0850212104,893530305243718117,272039189508904
1SIMBILLE2311781,0850212105,893530305243718118,272039189508905
1SIMBILLE2311782,0850212106,893530305243718119,272039189508906
1SIMBILLE2311783,0850212107,893530305243718120,272039189508907
1SIMBILLE2311784,0850212108,893530305243718121,272039189508908
1SIMBILLE2311785,0850212109,893530305243718122,272039189508909
1SIMBILLE2311786,0850212110,893530305243718123,272039189508910
1SIMBILLE2311787,0850212111,893530305243718124,272039189508911
1SIMBILLE2311788,0850212112,893530305243718125,272039189508912
1SIMBILLE2311789,0850212113,893530305243718126,272039189508913
1SIMBILLE2311790,0850212114,893530305243718127,272039189508914
1SIMBILLE2311791,0850212115,893530305243718128,272039189508915
1SIMBILLE2311792,0850212116,893530305243718129,272039189508916
1SIMBILLE2311793,0850212117,893530305243718130,272039189508917
1SIMBILLE2311794,0850212118,893530305243718131,272039189508918
1SIMBILLE2311795,0850212119,893530305243718132,272039189508919
1SIMBILLE2311796,0850212120,893530305243718133,272039189508920
1SIMBILLE2311797,0850212121,893530305243718134,272039189508921
1SIMBILLE2311798,0850212122,893530305243718135,272039189508922
1SIMBILLE2311799,0850212123,893530305243718136,272039189508923
1SIMBILLE2311800,0850212124,893530305243718137,272039189508924
1SIMBILLE2311801,0850212125,893530305243718138,272039189508925
1SIMBILLE2311802,0850212126,893530305243718139,272039189508926
1SIMBILLE2311803,0850212127,893530305243718140,272039189508927
1SIMBILLE2311804,0850212128,893530305243718141,272039189508928
1SIMBILLE2311805,0850212129,893530305243718142,272039189508929
1SIMBILLE2311806,0850212130,893530305243718143,272039189508930
1SIMBILLE2311807,0850212131,893530305243718144,272039189508931
1SIMBILLE2311808,0850212132,893530305243718145,272039189508932
1SIMBILLE2311809,0850212133,893530305243718146,272039189508933
1SIMBILLE2311810,0850212134,893530305243718147,272039189508934
1SIMBILLE2311811,0850212135,893530305243718148,272039189508935
1SIMBILLE2311812,0850212136,893530305243718149,272039189508936
1SIMBILLE2311813,0850212137,893530305243718150,272039189508937
1SIMBILLE2311814,0850212138,893530305243718151,272039189508938
1SIMBILLE2311815,0850212139,893530305243718152,272039189508939
1SIMBILLE2311816,0850212140,893530305243718153,272039189508940
1SIMBILLE2311817,0850212141,893530305243718154,272039189508941
1SIMBILLE2311818,0850212142,893530305243718155,272039189508942
1SIMBILLE2311819,0850212143,893530305243718156,272039189508943
1SIMBILLE2311820,0850212144,893530305243718157,272039189508944
1SIMBILLE2311821,0850212145,893530305243718158,272039189508945
1SIMBILLE2311822,0850212146,893530305243718159,272039189508946
1SIMBILLE2311823,0850212147,893530305243718160,272039189508947
1SIMBILLE2311824,0850212148,893530305243718161,272039189508948
1SIMBILLE2311825,0850212149,893530305243718162,272039189508949
1SIMBILLE2311826,0850212150,893530305243718163,272039189508950
1SIMBILLE2311827,0850212151,893530305243718164,272039189508951
1SIMBILLE2311828,0850212152,893530305243718165,272039189508952
1SIMBILLE2311829,0850212153,893530305243718166,272039189508953
1SIMBILLE2311830,0850212154,893530305243718167,272039189508954
1SIMBILLE2311831,0850212155,893530305243718168,272039189508955
1SIMBILLE2311832,0850212156,893530305243718169,272039189508956
1SIMBILLE2311833,0850212157,893530305243718170,272039189508957
1SIMBILLE2311834,0850212158,893530305243718171,272039189508958
1SIMBILLE2311835,0850212159,893530305243718172,272039189508959
1SIMBILLE2311836,0850212160,893530305243718173,272039189508960
1SIMBILLE2311837,0850212161,893530305243718174,272039189508961
1SIMBILLE2311838,0850212162,893530305243718175,272039189508962
1SIMBILLE2311839,0850212163,893530305243718176,272039189508963
1SIMBILLE2311840,0850212164,893530305243718177,272039189508964
1SIMBILLE2311841,0850212165,893530305243718178,272039189508965
1SIMBILLE2311842,0850212166,893530305243718179,272039189508966
1SIMBILLE2311843,0850212167,893530305243718180,272039189508967
1SIMBILLE2311844,0850212168,893530305243718181,272039189508968
1SIMBILLE2311845,0850212169,893530305243718182,272039189508969
1SIMBILLE2311846,0850212170,893530305243718183,272039189508970
1SIMBILLE2311847,0850212171,893530305243718184,272039189508971
1SIMBILLE2311848,0850212172,893530305243718185,272039189508972
1SIMBILLE2311849,0850212173,893530305243718186,272039189508973
1SIMBILLE2311850,0850212174,893530305243718187,272039189508974
1SIMBILLE2311851,0850212175,893530305243718188,272039189508975
1SIMBILLE2311852,0850212176,893530305243718189,272039189508976
1SIMBILLE2311853,0850212177,893530305243718190,272039189508977
1SIMBILLE2311854,0850212178,893530305243718191,272039189508978
1SIMBILLE2311855,0850212179,893530305243718192,272039189508979
1SIMBILLE2311856,0850212180,893530305243718193,272039189508980
1SIMBILLE2311857,0850212181,893530305243718194,272039189508981
1SIMBILLE2311858,0850212182,893530305243718195,272039189508982
1SIMBILLE2311859,0850212183,893530305243718196,272039189508983
1SIMBILLE2311860,0850212184,893530305243718197,272039189508984
1SIMBILLE2311861,0850212185,893530305243718198,272039189508985
1SIMBILLE2311862,0850212186,893530305243718199,272039189508986
1SIMBILLE2311863,0850212187,893530305243718200,272039189508987
1SIMBILLE2311864,0850212188,893530305243718201,272039189508988
1SIMBILLE2311865,0850212189,893530305243718202,272039189508989
1SIMBILLE2311866,0850212190,893530305243718203,272039189508990
1SIMBILLE2311867,0850212191,893530305243718204,272039189508991
1SIMBILLE2311868,0850212192,893530305243718205,272039189508992
1SIMBILLE2311869,0850212193,893530305243718206,272039189508993
1SIMBILLE2311870,0850212194,893530305243718207,272039189508994
1SIMBILLE2311871,0850212195,893530305243718208,272039189508995
1SIMBILLE2311872,0850212196,893530305243718209,272039189508996
1SIMBILLE2311873,0850212197,893530305243718210,272039189508997
1SIMBILLE2311874,0850212198,893530305243718211,272039189508998
1SIMBILLE2311875,0850212199,893530305243718212,272039189508999
1SIMBILLE2311876,0850212200,893530305243718213,272039189509000
1SIMBILLE2311877,0850212201,893530305243718214,272039189509001
1SIMBILLE2311878,0850212202,893530305243718215,272039189509002
1SIMBILLE2311879,0850212203,893530305243718216,272039189509003
1SIMBILLE2311880,0850212204,893530305243718217,272039189509004
1SIMBILLE2311881,0850212205,893530305243718218,272039189509005
1SIMBILLE2311882,0850212206,893530305243718219,272039189509006
1SIMBILLE2311883,0850212207,893530305243718220,272039189509007
1SIMBILLE2311884,0850212208,893530305243718221,272039189509008
1SIMBILLE2311885,0850212209,893530305243718222,272039189509009
1SIMBILLE2311886,0850212210,893530305243718223,272039189509010
1SIMBILLE2311887,0850212211,893530305243718224,272039189509011
1SIMBILLE2311888,0850212212,893530305243718225,272039189509012
1SIMBILLE2311889,0850212213,893530305243718226,272039189509013
1SIMBILLE2311890,0850212214,893530305243718227,272039189509014
1SIMBILLE2311891,0850212215,893530305243718228,272039189509015
1SIMBILLE2311892,0850212216,893530305243718229,272039189509016
1SIMBILLE2311893,0850212217,893530305243718230,272039189509017
1SIMBILLE2311894,0850212218,893530305243718231,272039189509018
1SIMBILLE2311895,0850212219,893530305243718232,272039189509019
1SIMBILLE2311896,0850212220,893530305243718233,272039189509020
1SIMBILLE2311897,0850212221,893530305243718234,272039189509021
1SIMBILLE2311898,0850212222,893530305243718235,272039189509022
1SIMBILLE2311899,0850212223,893530305243718236,272039189509023
1SIMBILLE2311900,0850212224,893530305243718237,272039189509024
1SIMBILLE2311901,0850212225,893530305243718238,272039189509025
1SIMBILLE2311902,0850212226,893530305243718239,272039189509026
1SIMBILLE2311903,0850212227,893530305243718240,272039189509027
1SIMBILLE2311904,0850212228,893530305243718241,272039189509028
1SIMBILLE2311905,0850212229,893530305243718242,272039189509029
1SIMBILLE2311906,0850212230,893530305243718243,272039189509030
1SIMBILLE2311907,0850212231,893530305243718244,272039189509031
1SIMBILLE2311908,0850212232,893530305243718245,272039189509032
1SIMBILLE2311909,0850212233,893530305243718246,272039189509033
1SIMBILLE2311910,0850212234,893530305243718247,272039189509034
1SIMBILLE2311911,0850212235,893530305243718248,272039189509035
1SIMBILLE2311912,0850212236,893530305243718249,272039189509036
1SIMBILLE2311913,0850212237,893530305243718250,272039189509037
1SIMBILLE2311914,0850212238,893530305243718251,272039189509038
1SIMBILLE2311915,0850212239,893530305243718252,272039189509039
1SIMBILLE2311916,0850212240,893530305243718253,272039189509040
1SIMBILLE2311917,0850212241,893530305243718254,272039189509041
1SIMBILLE2311918,0850212242,893530305243718255,272039189509042
1SIMBILLE2311919,0850212243,893530305243718256,272039189509043
1SIMBILLE2311920,0850212244,893530305243718257,272039189509044
1SIMBILLE2311921,0850212245,893530305243718258,272039189509045
1SIMBILLE2311922,0850212246,893530305243718259,272039189509046
1SIMBILLE2311923,0850212247,893530305243718260,272039189509047
1SIMBILLE2311924,0850212248,893530305243718261,272039189509048
1SIMBILLE2311925,0850212249,893530305243718262,272039189509049
1SIMBILLE2311926,0850212250,893530305243718263,272039189509050
1SIMBILLE2311927,0850212251,893530305243718264,272039189509051
1SIMBILLE2311928,0850212252,893530305243718265,272039189509052
1SIMBILLE2311929,0850212253,893530305243718266,272039189509053
1SIMBILLE2311930,0850212254,893530305243718267,272039189509054
1SIMBILLE2311931,0850212255,893530305243718268,272039189509055
1SIMBILLE2311932,0850212256,893530305243718269,272039189509056
1SIMBILLE2311933,0850212257,893530305243718270,272039189509057
1SIMBILLE2311934,0850212258,893530305243718271,272039189509058
1SIMBILLE2311935,0850212259,893530305243718272,272039189509059
1SIMBILLE2311936,0850212260,893530305243718273,272039189509060
1SIMBILLE2311937,0850212261,893530305243718274,272039189509061
1SIMBILLE2311938,0850212262,893530305243718275,272039189509062
1SIMBILLE2311939,0850212263,893530305243718276,272039189509063
1SIMBILLE2311940,0850212264,893530305243718277,272039189509064
1SIMBILLE2311941,0850212265,893530305243718278,272039189509065
1SIMBILLE2311942,0850212266,893530305243718279,272039189509066
1SIMBILLE2311943,0850212267,893530305243718280,272039189509067
1SIMBILLE2311944,0850212268,893530305243718281,272039189509068
1SIMBILLE2311945,0850212269,893530305243718282,272039189509069
1SIMBILLE2311946,0850212270,893530305243718283,272039189509070
1SIMBILLE2311947,0850212271,893530305243718284,272039189509071
1SIMBILLE2311948,0850212272,893530305243718285,272039189509072
1SIMBILLE2311949,0850212273,893530305243718286,272039189509073
1SIMBILLE2311950,0850212274,893530305243718287,272039189509074
1SIMBILLE2311951,0850212275,893530305243718288,272039189509075
1SIMBILLE2311952,0850212276,893530305243718289,272039189509076
1SIMBILLE2311953,0850212277,893530305243718290,272039189509077
1SIMBILLE2311954,0850212278,893530305243718291,272039189509078
1SIMBILLE2311955,0850212279,893530305243718292,272039189509079
1SIMBILLE2311956,0850212280,893530305243718293,272039189509080
1SIMBILLE2311957,0850212281,893530305243718294,272039189509081
1SIMBILLE2311958,0850212282,893530305243718295,272039189509082
1SIMBILLE2311959,0850212283,893530305243718296,272039189509083
1SIMBILLE2311960,0850212284,893530305243718297,272039189509084
1SIMBILLE2311961,0850212285,893530305243718298,272039189509085
1SIMBILLE2311962,0850212286,893530305243718299,272039189509086
1SIMBILLE2311963,0850212287,893530305243718300,272039189509087
1SIMBILLE2311964,0850212288,893530305243718301,272039189509088
1SIMBILLE2311965,0850212289,893530305243718302,272039189509089
1SIMBILLE2311966,0850212290,893530305243718303,272039189509090
1SIMBILLE2311967,0850212291,893530305243718304,272039189509091
1SIMBILLE2311968,0850212292,893530305243718305,272039189509092
1SIMBILLE2311969,0850212293,893530305243718306,272039189509093
1SIMBILLE2311970,0850212294,893530305243718307,272039189509094
1SIMBILLE2311971,0850212295,893530305243718308,272039189509095
1SIMBILLE2311972,0850212296,893530305243718309,272039189509096
1SIMBILLE2311973,0850212297,893530305243718310,272039189509097
1SIMBILLE2311974,0850212298,893530305243718311,272039189509098
1SIMBILLE2311975,0850212299,893530305243718312,272039189509099
1SIMBILLE2311976,0850212300,893530305243718313,272039189509100
1SIMBILLE2311977,0850212301,893530305243718314,272039189509101
1SIMBILLE2311978,0850212302,893530305243718315,272039189509102
1SIMBILLE2311979,0850212303,893530305243718316,272039189509103
1SIMBILLE2311980,0850212304,893530305243718317,272039189509104
1SIMBILLE2311981,0850212305,893530305243718318,272039189509105
1SIMBILLE2311982,0850212306,893530305243718319,272039189509106
1SIMBILLE2311983,0850212307,893530305243718320,272039189509107
1SIMBILLE2311984,0850212308,893530305243718321,272039189509108
1SIMBILLE2311985,0850212309,893530305243718322,272039189509109
1SIMBILLE2311986,0850212310,893530305243718323,272039189509110
1SIMBILLE2311987,0850212311,893530305243718324,272039189509111
1SIMBILLE2311988,0850212312,893530305243718325,272039189509112
1SIMBILLE2311989,0850212313,893530305243718326,272039189509113
1SIMBILLE2311990,0850212314,893530305243718327,272039189509114
1SIMBILLE2311991,0850212315,893530305243718328,272039189509115
1SIMBILLE2311992,0850212316,893530305243718329,272039189509116
1SIMBILLE2311993,0850212317,893530305243718330,272039189509117
1SIMBILLE2311994,0850212318,893530305243718331,272039189509118
1SIMBILLE2311995,0850212319,893530305243718332,272039189509119
1SIMBILLE2311996,0850212320,893530305243718333,272039189509120
1SIMBILLE2311997,0850212321,893530305243718334,272039189509121
1SIMBILLE2311998,0850212322,893530305243718335,272039189509122
1SIMBILLE2311999,0850212323,893530305243718336,272039189509123
1SIMBILLE2312000,0850212324,893530305243718337,272039189509124
1SIMBILLE2312001,0850212325,893530305243718338,272039189509125
1SIMBILLE2312002,0850212326,893530305243718339,272039189509126
1SIMBILLE2312003,0850212327,893530305243718340,272039189509127
1SIMBILLE2312004,0850212328,893530305243718341,272039189509128
1SIMBILLE2312005,0850212329,893530305243718342,272039189509129
1SIMBILLE2312006,0850212330,893530305243718343,272039189509130
1SIMBILLE2312007,0850212331,893530305243718344,272039189509131
1SIMBILLE2312008,0850212332,893530305243718345,272039189509132
1SIMBILLE2312009,0850212333,893530305243718346,272039189509133
1SIMBILLE2312010,0850212334,893530305243718347,272039189509134
1SIMBILLE2312011,0850212335,893530305243718348,272039189509135
1SIMBILLE2312012,0850212336,893530305243718349,272039189509136
1SIMBILLE2312013,0850212337,893530305243718350,272039189509137
1SIMBILLE2312014,0850212338,893530305243718351,272039189509138
1SIMBILLE2312015,0850212339,893530305243718352,272039189509139
1SIMBILLE2312016,0850212340,893530305243718353,272039189509140
1SIMBILLE2312017,0850212341,893530305243718354,272039189509141
1SIMBILLE2312018,0850212342,893530305243718355,272039189509142
1SIMBILLE2312019,0850212343,893530305243718356,272039189509143
1SIMBILLE2312020,0850212344,893530305243718357,272039189509144
1SIMBILLE2312021,0850212345,893530305243718358,272039189509145
1SIMBILLE2312022,0850212346,893530305243718359,272039189509146
1SIMBILLE2312023,0850212347,893530305243718360,272039189509147
1SIMBILLE2312024,0850212348,893530305243718361,272039189509148
1SIMBILLE2312025,0850212349,893530305243718362,272039189509149
1SIMBILLE2312026,0850212350,893530305243718363,272039189509150
1SIMBILLE2312027,0850212351,893530305243718364,272039189509151
1SIMBILLE2312028,0850212352,893530305243718365,272039189509152
1SIMBILLE2312029,0850212353,893530305243718366,272039189509153
1SIMBILLE2312030,0850212354,893530305243718367,272039189509154
1SIMBILLE2312031,0850212355,893530305243718368,272039189509155
1SIMBILLE2312032,0850212356,893530305243718369,272039189509156
1SIMBILLE2312033,0850212357,893530305243718370,272039189509157
1SIMBILLE2312034,0850212358,893530305243718371,272039189509158
1SIMBILLE2312035,0850212359,893530305243718372,272039189509159
1SIMBILLE2312036,0850212360,893530305243718373,272039189509160
1SIMBILLE2312037,0850212361,893530305243718374,272039189509161
1SIMBILLE2312038,0850212362,893530305243718375,272039189509162
1SIMBILLE2312039,0850212363,893530305243718376,272039189509163
1SIMBILLE2312040,0850212364,893530305243718377,272039189509164
1SIMBILLE2312041,0850212365,893530305243718378,272039189509165
1SIMBILLE2312042,0850212366,893530305243718379,272039189509166
1SIMBILLE2312043,0850212367,893530305243718380,272039189509167
1SIMBILLE2312044,0850212368,893530305243718381,272039189509168
1SIMBILLE2312045,0850212369,893530305243718382,272039189509169
1SIMBILLE2312046,0850212370,893530305243718383,272039189509170
1SIMBILLE2312047,0850212371,893530305243718384,272039189509171
1SIMBILLE2312048,0850212372,893530305243718385,272039189509172
1SIMBILLE2312049,0850212373,893530305243718386,272039189509173
1SIMBILLE2312050,0850212374,893530305243718387,272039189509174
1SIMBILLE2312051,0850212375,893530305243718388,272039189509175
1SIMBILLE2312052,0850212376,893530305243718389,272039189509176
1SIMBILLE2312053,0850212377,893530305243718390,272039189509177
1SIMBILLE2312054,0850212378,893530305243718391,272039189509178
1SIMBILLE2312055,0850212379,893530305243718392,272039189509179
1SIMBILLE2312056,0850212380,893530305243718393,272039189509180
1SIMBILLE2312057,0850212381,893530305243718394,272039189509181
1SIMBILLE2312058,0850212382,893530305243718395,272039189509182
1SIMBILLE2312059,0850212383,893530305243718396,272039189509183
1SIMBILLE2312060,0850212384,893530305243718397,272039189509184
1SIMBILLE2312061,0850212385,893530305243718398,272039189509185
1SIMBILLE2312062,0850212386,893530305243718399,272039189509186
1SIMBILLE2312063,0850212387,893530305243718400,272039189509187
1SIMBILLE2312064,0850212388,893530305243718401,272039189509188
1SIMBILLE2312065,0850212389,893530305243718402,272039189509189
1SIMBILLE2312066,0850212390,893530305243718403,272039189509190
1SIMBILLE2312067,0850212391,893530305243718404,272039189509191
1SIMBILLE2312068,0850212392,893530305243718405,272039189509192
1SIMBILLE2312069,0850212393,893530305243718406,272039189509193
1SIMBILLE2312070,0850212394,893530305243718407,272039189509194
1SIMBILLE2312071,0850212395,893530305243718408,272039189509195
1SIMBILLE2312072,0850212396,893530305243718409,272039189509196
1SIMBILLE2312073,0850212397,893530305243718410,272039189509197
1SIMBILLE2312074,0850212398,893530305243718411,272039189509198
1SIMBILLE2312075,0850212399,893530305243718412,272039189509199
1SIMBILLE2312076,0850212400,893530305243718413,272039189509200
1SIMBILLE2312077,0850212401,893530305243718414,272039189509201
1SIMBILLE2312078,0850212402,893530305243718415,272039189509202
1SIMBILLE2312079,0850212403,893530305243718416,272039189509203
1SIMBILLE2312080,0850212404,893530305243718417,272039189509204
1SIMBILLE2312081,0850212405,893530305243718418,272039189509205
1SIMBILLE2312082,0850212406,893530305243718419,272039189509206
1SIMBILLE2312083,0850212407,893530305243718420,272039189509207
1SIMBILLE2312084,0850212408,893530305243718421,272039189509208
1SIMBILLE2312085,0850212409,893530305243718422,272039189509209
1SIMBILLE2312086,0850212410,893530305243718423,272039189509210
1SIMBILLE2312087,0850212411,893530305243718424,272039189509211
1SIMBILLE2312088,0850212412,893530305243718425,272039189509212
1SIMBILLE2312089,0850212413,893530305243718426,272039189509213
1SIMBILLE2312090,0850212414,893530305243718427,272039189509214
1SIMBILLE2312091,0850212415,893530305243718428,272039189509215
1SIMBILLE2312092,0850212416,893530305243718429,272039189509216
1SIMBILLE2312093,0850212417,893530305243718430,272039189509217
1SIMBILLE2312094,0850212418,893530305243718431,272039189509218
1SIMBILLE2312095,0850212419,893530305243718432,272039189509219
1SIMBILLE2312096,0850212420,893530305243718433,272039189509220
1SIMBILLE2312097,0850212421,893530305243718434,272039189509221
1SIMBILLE2312098,0850212422,893530305243718435,272039189509222
1SIMBILLE2312099,0850212423,893530305243718436,272039189509223
1SIMBILLE2312100,0850212424,893530305243718437,272039189509224
1SIMBILLE2312101,0850212425,893530305243718438,272039189509225
1SIMBILLE2312102,0850212426,893530305243718439,272039189509226
1SIMBILLE2312103,0850212427,893530305243718440,272039189509227
1SIMBILLE2312104,0850212428,893530305243718441,272039189509228
1SIMBILLE2312105,0850212429,893530305243718442,272039189509229
1SIMBILLE2312106,0850212430,893530305243718443,272039189509230
1SIMBILLE2312107,0850212431,893530305243718444,272039189509231
1SIMBILLE2312108,0850212432,893530305243718445,272039189509232
1SIMBILLE2312109,0850212433,893530305243718446,272039189509233
1SIMBILLE2312110,0850212434,893530305243718447,272039189509234
1SIMBILLE2312111,0850212435,893530305243718448,272039189509235
1SIMBILLE2312112,0850212436,893530305243718449,272039189509236
1SIMBILLE2312113,0850212437,893530305243718450,272039189509237
1SIMBILLE2312114,0850212438,893530305243718451,272039189509238
1SIMBILLE2312115,0850212439,893530305243718452,272039189509239
1SIMBILLE2312116,0850212440,893530305243718453,272039189509240
1SIMBILLE2312117,0850212441,893530305243718454,272039189509241
1SIMBILLE2312118,0850212442,893530305243718455,272039189509242
1SIMBILLE2312119,0850212443,893530305243718456,272039189509243
1SIMBILLE2312120,0850212444,893530305243718457,272039189509244
1SIMBILLE2312121,0850212445,893530305243718458,272039189509245
1SIMBILLE2312122,0850212446,893530305243718459,272039189509246
1SIMBILLE2312123,0850212447,893530305243718460,272039189509247
1SIMBILLE2312124,0850212448,893530305243718461,272039189509248
1SIMBILLE2312125,0850212449,893530305243718462,272039189509249
1SIMBILLE2312126,0850212450,893530305243718463,272039189509250
1SIMBILLE2312127,0850212451,893530305243718464,272039189509251
1SIMBILLE2312128,0850212452,893530305243718465,272039189509252
1SIMBILLE2312129,0850212453,893530305243718466,272039189509253
1SIMBILLE2312130,0850212454,893530305243718467,272039189509254
1SIMBILLE2312131,0850212455,893530305243718468,272039189509255
1SIMBILLE2312132,0850212456,893530305243718469,272039189509256
1SIMBILLE2312133,0850212457,893530305243718470,272039189509257
1SIMBILLE2312134,0850212458,893530305243718471,272039189509258
1SIMBILLE2312135,0850212459,893530305243718472,272039189509259
1SIMBILLE2312136,0850212460,893530305243718473,272039189509260
1SIMBILLE2312137,0850212461,893530305243718474,272039189509261
1SIMBILLE2312138,0850212462,893530305243718475,272039189509262
1SIMBILLE2312139,0850212463,893530305243718476,272039189509263
1SIMBILLE2312140,0850212464,893530305243718477,272039189509264
1SIMBILLE2312141,0850212465,893530305243718478,272039189509265
1SIMBILLE2312142,0850212466,893530305243718479,272039189509266
1SIMBILLE2312143,0850212467,893530305243718480,272039189509267
1SIMBILLE2312144,0850212468,893530305243718481,272039189509268
1SIMBILLE2312145,0850212469,893530305243718482,272039189509269
1SIMBILLE2312146,0850212470,893530305243718483,272039189509270
1SIMBILLE2312147,0850212471,893530305243718484,272039189509271
1SIMBILLE2312148,0850212472,893530305243718485,272039189509272
1SIMBILLE2312149,0850212473,893530305243718486,272039189509273
1SIMBILLE2312150,0850212474,893530305243718487,272039189509274
1SIMBILLE2312151,0850212475,893530305243718488,272039189509275
1SIMBILLE2312152,0850212476,893530305243718489,272039189509276
1SIMBILLE2312153,0850212477,893530305243718490,272039189509277
1SIMBILLE2312154,0850212478,893530305243718491,272039189509278
1SIMBILLE2312155,0850212479,893530305243718492,272039189509279
1SIMBILLE2312156,0850212480,893530305243718493,272039189509280
1SIMBILLE2312157,0850212481,893530305243718494,272039189509281
1SIMBILLE2312158,0850212482,893530305243718495,272039189509282
1SIMBILLE2312159,0850212483,893530305243718496,272039189509283
1SIMBILLE2312160,0850212484,893530305243718497,272039189509284
1SIMBILLE2312161,0850212485,893530305243718498,272039189509285
1SIMBILLE2312162,0850212486,893530305243718499,272039189509286
1SIMBILLE2312163,0850212487,893530305243718500,272039189509287
1SIMBILLE2312164,0850212488,893530305243718501,272039189509288
1SIMBILLE2312165,0850212489,893530305243718502,272039189509289
1SIMBILLE2312166,0850212490,893530305243718503,272039189509290
1SIMBILLE2312167,0850212491,893530305243718504,272039189509291
1SIMBILLE2312168,0850212492,893530305243718505,272039189509292
1SIMBILLE2312169,0850212493,893530305243718506,272039189509293
1SIMBILLE2312170,0850212494,893530305243718507,272039189509294
1SIMBILLE2312171,0850212495,893530305243718508,272039189509295
1SIMBILLE2312172,0850212496,893530305243718509,272039189509296
1SIMBILLE2312173,0850212497,893530305243718510,272039189509297
1SIMBILLE2312174,0850212498,893530305243718511,272039189509298
1SIMBILLE2312175,0850212499,893530305243718512,272039189509299
1SIMBILLE2312176,0850212500,893530305243718513,272039189509300
1SIMBILLE2312177,0850212501,893530305243718514,272039189509301
1SIMBILLE2312178,0850212502,893530305243718515,272039189509302
1SIMBILLE2312179,0850212503,893530305243718516,272039189509303
1SIMBILLE2312180,0850212504,893530305243718517,272039189509304
1SIMBILLE2312181,0850212505,893530305243718518,272039189509305
1SIMBILLE2312182,0850212506,893530305243718519,272039189509306
1SIMBILLE2312183,0850212507,893530305243718520,272039189509307
1SIMBILLE2312184,0850212508,893530305243718521,272039189509308
1SIMBILLE2312185,0850212509,893530305243718522,272039189509309
1SIMBILLE2312186,0850212510,893530305243718523,272039189509310
1SIMBILLE2312187,0850212511,893530305243718524,272039189509311
1SIMBILLE2312188,0850212512,893530305243718525,272039189509312
1SIMBILLE2312189,0850212513,893530305243718526,272039189509313
1SIMBILLE2312190,0850212514,893530305243718527,272039189509314
1SIMBILLE2312191,0850212515,893530305243718528,272039189509315
1SIMBILLE2312192,0850212516,893530305243718529,272039189509316
1SIMBILLE2312193,0850212517,893530305243718530,272039189509317
1SIMBILLE2312194,0850212518,893530305243718531,272039189509318
1SIMBILLE2312195,0850212519,893530305243718532,272039189509319
1SIMBILLE2312196,0850212520,893530305243718533,272039189509320
1SIMBILLE2312197,0850212521,893530305243718534,272039189509321
1SIMBILLE2312198,0850212522,893530305243718535,272039189509322
1SIMBILLE2312199,0850212523,893530305243718536,272039189509323
1SIMBILLE2312200,0850212524,893530305243718537,272039189509324
1SIMBILLE2312201,0850212525,893530305243718538,272039189509325
1SIMBILLE2312202,0850212526,893530305243718539,272039189509326
1SIMBILLE2312203,0850212527,893530305243718540,272039189509327
1SIMBILLE2312204,0850212528,893530305243718541,272039189509328
1SIMBILLE2312205,0850212529,893530305243718542,272039189509329
1SIMBILLE2312206,0850212530,893530305243718543,272039189509330
1SIMBILLE2312207,0850212531,893530305243718544,272039189509331
1SIMBILLE2312208,0850212532,893530305243718545,272039189509332
1SIMBILLE2312209,0850212533,893530305243718546,272039189509333
1SIMBILLE2312210,0850212534,893530305243718547,272039189509334
1SIMBILLE2312211,0850212535,893530305243718548,272039189509335
1SIMBILLE2312212,0850212536,893530305243718549,272039189509336
1SIMBILLE2312213,0850212537,893530305243718550,272039189509337
1SIMBILLE2312214,0850212538,893530305243718551,272039189509338
1SIMBILLE2312215,0850212539,893530305243718552,272039189509339
1SIMBILLE2312216,0850212540,893530305243718553,272039189509340
1SIMBILLE2312217,0850212541,893530305243718554,272039189509341
1SIMBILLE2312218,0850212542,893530305243718555,272039189509342
1SIMBILLE2312219,0850212543,893530305243718556,272039189509343
1SIMBILLE2312220,0850212544,893530305243718557,272039189509344
1SIMBILLE2312221,0850212545,893530305243718558,272039189509345
1SIMBILLE2312222,0850212546,893530305243718559,272039189509346
1SIMBILLE2312223,0850212547,893530305243718560,272039189509347
1SIMBILLE2312224,0850212548,893530305243718561,272039189509348
1SIMBILLE2312225,0850212549,893530305243718562,272039189509349
1SIMBILLE2312226,0850212550,893530305243718563,272039189509350
1SIMBILLE2312227,0850212551,893530305243718564,272039189509351
1SIMBILLE2312228,0850212552,893530305243718565,272039189509352
1SIMBILLE2312229,0850212553,893530305243718566,272039189509353
1SIMBILLE2312230,0850212554,893530305243718567,272039189509354
1SIMBILLE2312231,0850212555,893530305243718568,272039189509355
1SIMBILLE2312232,0850212556,893530305243718569,272039189509356
1SIMBILLE2312233,0850212557,893530305243718570,272039189509357
1SIMBILLE2312234,0850212558,893530305243718571,272039189509358
1SIMBILLE2312235,0850212559,893530305243718572,272039189509359
1SIMBILLE2312236,0850212560,893530305243718573,272039189509360
1SIMBILLE2312237,0850212561,893530305243718574,272039189509361
1SIMBILLE2312238,0850212562,893530305243718575,272039189509362
1SIMBILLE2312239,0850212563,893530305243718576,272039189509363
1SIMBILLE2312240,0850212564,893530305243718577,272039189509364
1SIMBILLE2312241,0850212565,893530305243718578,272039189509365
1SIMBILLE2312242,0850212566,893530305243718579,272039189509366
1SIMBILLE2312243,0850212567,893530305243718580,272039189509367
1SIMBILLE2312244,0850212568,893530305243718581,272039189509368
1SIMBILLE2312245,0850212569,893530305243718582,272039189509369
1SIMBILLE2312246,0850212570,893530305243718583,272039189509370
1SIMBILLE2312247,0850212571,893530305243718584,272039189509371
1SIMBILLE2312248,0850212572,893530305243718585,272039189509372
1SIMBILLE2312249,0850212573,893530305243718586,272039189509373
1SIMBILLE2312250,0850212574,893530305243718587,272039189509374
1SIMBILLE2312251,0850212575,893530305243718588,272039189509375
1SIMBILLE2312252,0850212576,893530305243718589,272039189509376
1SIMBILLE2312253,0850212577,893530305243718590,272039189509377
1SIMBILLE2312254,0850212578,893530305243718591,272039189509378
1SIMBILLE2312255,0850212579,893530305243718592,272039189509379
1SIMBILLE2312256,0850212580,893530305243718593,272039189509380
1SIMBILLE2312257,0850212581,893530305243718594,272039189509381
1SIMBILLE2312258,0850212582,893530305243718595,272039189509382
1SIMBILLE2312259,0850212583,893530305243718596,272039189509383
1SIMBILLE2312260,0850212584,893530305243718597,272039189509384
1SIMBILLE2312261,0850212585,893530305243718598,272039189509385
1SIMBILLE2312262,0850212586,893530305243718599,272039189509386
1SIMBILLE2312263,0850212587,893530305243718600,272039189509387
1SIMBILLE2312264,0850212588,893530305243718601,272039189509388
1SIMBILLE2312265,0850212589,893530305243718602,272039189509389
1SIMBILLE2312266,0850212590,893530305243718603,272039189509390
1SIMBILLE2312267,0850212591,893530305243718604,272039189509391
1SIMBILLE2312268,0850212592,893530305243718605,272039189509392
1SIMBILLE2312269,0850212593,893530305243718606,272039189509393
1SIMBILLE2312270,0850212594,893530305243718607,272039189509394
1SIMBILLE2312271,0850212595,893530305243718608,272039189509395
1SIMBILLE2312272,0850212596,893530305243718609,272039189509396
1SIMBILLE2312273,0850212597,893530305243718610,272039189509397
1SIMBILLE2312274,0850212598,893530305243718611,272039189509398
1SIMBILLE2312275,0850212599,893530305243718612,272039189509399
1SIMBILLE2312276,0850212600,893530305243718613,272039189509400
1SIMBILLE2312277,0850212601,893530305243718614,272039189509401
1SIMBILLE2312278,0850212602,893530305243718615,272039189509402
1SIMBILLE2312279,0850212603,893530305243718616,272039189509403
1SIMBILLE2312280,0850212604,893530305243718617,272039189509404
1SIMBILLE2312281,0850212605,893530305243718618,272039189509405
1SIMBILLE2312282,0850212606,893530305243718619,272039189509406
1SIMBILLE2312283,0850212607,893530305243718620,272039189509407
1SIMBILLE2312284,0850212608,893530305243718621,272039189509408
1SIMBILLE2312285,0850212609,893530305243718622,272039189509409
1SIMBILLE2312286,0850212610,893530305243718623,272039189509410
1SIMBILLE2312287,0850212611,893530305243718624,272039189509411
1SIMBILLE2312288,0850212612,893530305243718625,272039189509412
1SIMBILLE2312289,0850212613,893530305243718626,272039189509413
1SIMBILLE2312290,0850212614,893530305243718627,272039189509414
1SIMBILLE2312291,0850212615,893530305243718628,272039189509415
1SIMBILLE2312292,0850212616,893530305243718629,272039189509416
1SIMBILLE2312293,0850212617,893530305243718630,272039189509417
1SIMBILLE2312294,0850212618,893530305243718631,272039189509418
1SIMBILLE2312295,0850212619,893530305243718632,272039189509419
1SIMBILLE2312296,0850212620,893530305243718633,272039189509420
1SIMBILLE2312297,0850212621,893530305243718634,272039189509421
1SIMBILLE2312298,0850212622,893530305243718635,272039189509422
1SIMBILLE2312299,0850212623,893530305243718636,272039189509423
1SIMBILLE2312300,0850212624,893530305243718637,272039189509424
1SIMBILLE2312301,0850212625,893530305243718638,272039189509425
1SIMBILLE2312302,0850212626,893530305243718639,272039189509426
1SIMBILLE2312303,0850212627,893530305243718640,272039189509427
1SIMBILLE2312304,0850212628,893530305243718641,272039189509428
1SIMBILLE2312305,0850212629,893530305243718642,272039189509429
1SIMBILLE2312306,0850212630,893530305243718643,272039189509430
1SIMBILLE2312307,0850212631,893530305243718644,272039189509431
1SIMBILLE2312308,0850212632,893530305243718645,272039189509432
1SIMBILLE2312309,0850212633,893530305243718646,272039189509433
1SIMBILLE2312310,0850212634,893530305243718647,272039189509434
1SIMBILLE2312311,0850212635,893530305243718648,272039189509435
1SIMBILLE2312312,0850212636,893530305243718649,272039189509436
1SIMBILLE2312313,0850212637,893530305243718650,272039189509437
1SIMBILLE2312314,0850212638,893530305243718651,272039189509438
1SIMBILLE2312315,0850212639,893530305243718652,272039189509439
1SIMBILLE2312316,0850212640,893530305243718653,272039189509440
1SIMBILLE2312317,0850212641,893530305243718654,272039189509441
1SIMBILLE2312318,0850212642,893530305243718655,272039189509442
1SIMBILLE2312319,0850212643,893530305243718656,272039189509443
1SIMBILLE2312320,0850212644,893530305243718657,272039189509444
1SIMBILLE2312321,0850212645,893530305243718658,272039189509445
1SIMBILLE2312322,0850212646,893530305243718659,272039189509446
1SIMBILLE2312323,0850212647,893530305243718660,272039189509447
1SIMBILLE2312324,0850212648,893530305243718661,272039189509448
1SIMBILLE2312325,0850212649,893530305243718662,272039189509449
1SIMBILLE2312326,0850212650,893530305243718663,272039189509450
1SIMBILLE2312327,0850212651,893530305243718664,272039189509451
1SIMBILLE2312328,0850212652,893530305243718665,272039189509452
1SIMBILLE2312329,0850212653,893530305243718666,272039189509453
1SIMBILLE2312330,0850212654,893530305243718667,272039189509454
1SIMBILLE2312331,0850212655,893530305243718668,272039189509455
1SIMBILLE2312332,0850212656,893530305243718669,272039189509456
1SIMBILLE2312333,0850212657,893530305243718670,272039189509457
1SIMBILLE2312334,0850212658,893530305243718671,272039189509458
1SIMBILLE2312335,0850212659,893530305243718672,272039189509459
1SIMBILLE2312336,0850212660,893530305243718673,272039189509460
1SIMBILLE2312337,0850212661,893530305243718674,272039189509461
1SIMBILLE2312338,0850212662,893530305243718675,272039189509462
1SIMBILLE2312339,0850212663,893530305243718676,272039189509463
1SIMBILLE2312340,0850212664,893530305243718677,272039189509464
1SIMBILLE2312341,0850212665,893530305243718678,272039189509465
1SIMBILLE2312342,0850212666,893530305243718679,272039189509466
1SIMBILLE2312343,0850212667,893530305243718680,272039189509467
1SIMBILLE2312344,0850212668,893530305243718681,272039189509468
1SIMBILLE2312345,0850212669,893530305243718682,272039189509469
1SIMBILLE2312346,0850212670,893530305243718683,272039189509470
1SIMBILLE2312347,0850212671,893530305243718684,272039189509471
1SIMBILLE2312348,0850212672,893530305243718685,272039189509472
1SIMBILLE2312349,0850212673,893530305243718686,272039189509473
1SIMBILLE2312350,0850212674,893530305243718687,272039189509474
1SIMBILLE2312351,0850212675,893530305243718688,272039189509475
1SIMBILLE2312352,0850212676,893530305243718689,272039189509476
1SIMBILLE2312353,0850212677,893530305243718690,272039189509477
1SIMBILLE2312354,0850212678,893530305243718691,272039189509478
1SIMBILLE2312355,0850212679,893530305243718692,272039189509479
1SIMBILLE2312356,0850212680,893530305243718693,272039189509480
1SIMBILLE2312357,0850212681,893530305243718694,272039189509481
1SIMBILLE2312358,0850212682,893530305243718695,272039189509482
1SIMBILLE2312359,0850212683,893530305243718696,272039189509483
1SIMBILLE2312360,0850212684,893530305243718697,272039189509484
1SIMBILLE2312361,0850212685,893530305243718698,272039189509485
1SIMBILLE2312362,0850212686,893530305243718699,272039189509486
1SIMBILLE2312363,0850212687,893530305243718700,272039189509487
1SIMBILLE2312364,0850212688,893530305243718701,272039189509488
1SIMBILLE2312365,0850212689,893530305243718702,272039189509489
1SIMBILLE2312366,0850212690,893530305243718703,272039189509490
1SIMBILLE2312367,0850212691,893530305243718704,272039189509491
1SIMBILLE2312368,0850212692,893530305243718705,272039189509492
1SIMBILLE2312369,0850212693,893530305243718706,272039189509493
1SIMBILLE2312370,0850212694,893530305243718707,272039189509494
1SIMBILLE2312371,0850212695,893530305243718708,272039189509495
1SIMBILLE2312372,0850212696,893530305243718709,272039189509496
1SIMBILLE2312373,0850212697,893530305243718710,272039189509497
1SIMBILLE2312374,0850212698,893530305243718711,272039189509498
1SIMBILLE2312375,0850212699,893530305243718712,272039189509499
1SIMBILLE2312376,0850212700,893530305243718713,272039189509500
1SIMBILLE2312377,0850212701,893530305243718714,272039189509501
1SIMBILLE2312378,0850212702,893530305243718715,272039189509502
1SIMBILLE2312379,0850212703,893530305243718716,272039189509503
1SIMBILLE2312380,0850212704,893530305243718717,272039189509504
1SIMBILLE2312381,0850212705,893530305243718718,272039189509505
1SIMBILLE2312382,0850212706,893530305243718719,272039189509506
1SIMBILLE2312383,0850212707,893530305243718720,272039189509507
1SIMBILLE2312384,0850212708,893530305243718721,272039189509508
1SIMBILLE2312385,0850212709,893530305243718722,272039189509509
1SIMBILLE2312386,0850212710,893530305243718723,272039189509510
1SIMBILLE2312387,0850212711,893530305243718724,272039189509511
1SIMBILLE2312388,0850212712,893530305243718725,272039189509512
1SIMBILLE2312389,0850212713,893530305243718726,272039189509513
1SIMBILLE2312390,0850212714,893530305243718727,272039189509514
1SIMBILLE2312391,0850212715,893530305243718728,272039189509515
1SIMBILLE2312392,0850212716,893530305243718729,272039189509516
1SIMBILLE2312393,0850212717,893530305243718730,272039189509517
1SIMBILLE2312394,0850212718,893530305243718731,272039189509518
1SIMBILLE2312395,0850212719,893530305243718732,272039189509519
1SIMBILLE2312396,0850212720,893530305243718733,272039189509520
1SIMBILLE2312397,0850212721,893530305243718734,272039189509521
1SIMBILLE2312398,0850212722,893530305243718735,272039189509522
1SIMBILLE2312399,0850212723,893530305243718736,272039189509523
1SIMBILLE2312400,0850212724,893530305243718737,272039189509524
1SIMBILLE2312401,0850212725,893530305243718738,272039189509525
1SIMBILLE2312402,0850212726,893530305243718739,272039189509526
1SIMBILLE2312403,0850212727,893530305243718740,272039189509527
1SIMBILLE2312404,0850212728,893530305243718741,272039189509528
1SIMBILLE2312405,0850212729,893530305243718742,272039189509529
1SIMBILLE2312406,0850212730,893530305243718743,272039189509530
1SIMBILLE2312407,0850212731,893530305243718744,272039189509531
1SIMBILLE2312408,0850212732,893530305243718745,272039189509532
1SIMBILLE2312409,0850212733,893530305243718746,272039189509533
1SIMBILLE2312410,0850212734,893530305243718747,272039189509534
1SIMBILLE2312411,0850212735,893530305243718748,272039189509535
1SIMBILLE2312412,0850212736,893530305243718749,272039189509536
1SIMBILLE2312413,0850212737,893530305243718750,272039189509537
1SIMBILLE2312414,0850212738,893530305243718751,272039189509538
1SIMBILLE2312415,0850212739,893530305243718752,272039189509539
1SIMBILLE2312416,0850212740,893530305243718753,272039189509540
1SIMBILLE2312417,0850212741,893530305243718754,272039189509541
1SIMBILLE2312418,0850212742,893530305243718755,272039189509542
1SIMBILLE2312419,0850212743,893530305243718756,272039189509543
1SIMBILLE2312420,0850212744,893530305243718757,272039189509544
1SIMBILLE2312421,0850212745,893530305243718758,272039189509545
1SIMBILLE2312422,0850212746,893530305243718759,272039189509546
1SIMBILLE2312423,0850212747,893530305243718760,272039189509547
1SIMBILLE2312424,0850212748,893530305243718761,272039189509548
1SIMBILLE2312425,0850212749,893530305243718762,272039189509549
1SIMBILLE2312426,0850212750,893530305243718763,272039189509550
1SIMBILLE2312427,0850212751,893530305243718764,272039189509551
1SIMBILLE2312428,0850212752,893530305243718765,272039189509552
1SIMBILLE2312429,0850212753,893530305243718766,272039189509553
1SIMBILLE2312430,0850212754,893530305243718767,272039189509554
1SIMBILLE2312431,0850212755,893530305243718768,272039189509555
1SIMBILLE2312432,0850212756,893530305243718769,272039189509556
1SIMBILLE2312433,0850212757,893530305243718770,272039189509557
1SIMBILLE2312434,0850212758,893530305243718771,272039189509558
1SIMBILLE2312435,0850212759,893530305243718772,272039189509559
1SIMBILLE2312436,0850212760,893530305243718773,272039189509560
1SIMBILLE2312437,0850212761,893530305243718774,272039189509561
1SIMBILLE2312438,0850212762,893530305243718775,272039189509562
1SIMBILLE2312439,0850212763,893530305243718776,272039189509563
1SIMBILLE2312440,0850212764,893530305243718777,272039189509564
1SIMBILLE2312441,0850212765,893530305243718778,272039189509565
1SIMBILLE2312442,0850212766,893530305243718779,272039189509566
1SIMBILLE2312443,0850212767,893530305243718780,272039189509567
1SIMBILLE2312444,0850212768,893530305243718781,272039189509568
1SIMBILLE2312445,0850212769,893530305243718782,272039189509569
1SIMBILLE2312446,0850212770,893530305243718783,272039189509570
1SIMBILLE2312447,0850212771,893530305243718784,272039189509571
1SIMBILLE2312448,0850212772,893530305243718785,272039189509572
1SIMBILLE2312449,0850212773,893530305243718786,272039189509573
1SIMBILLE2312450,0850212774,893530305243718787,272039189509574
1SIMBILLE2312451,0850212775,893530305243718788,272039189509575
1SIMBILLE2312452,0850212776,893530305243718789,272039189509576
1SIMBILLE2312453,0850212777,893530305243718790,272039189509577
1SIMBILLE2312454,0850212778,893530305243718791,272039189509578
1SIMBILLE2312455,0850212779,893530305243718792,272039189509579
1SIMBILLE2312456,0850212780,893530305243718793,272039189509580
1SIMBILLE2312457,0850212781,893530305243718794,272039189509581
1SIMBILLE2312458,0850212782,893530305243718795,272039189509582
1SIMBILLE2312459,0850212783,893530305243718796,272039189509583
1SIMBILLE2312460,0850212784,893530305243718797,272039189509584
1SIMBILLE2312461,0850212785,893530305243718798,272039189509585
1SIMBILLE2312462,0850212786,893530305243718799,272039189509586
1SIMBILLE2312463,0850212787,893530305243718800,272039189509587
1SIMBILLE2312464,0850212788,893530305243718801,272039189509588
1SIMBILLE2312465,0850212789,893530305243718802,272039189509589
1SIMBILLE2312466,0850212790,893530305243718803,272039189509590
1SIMBILLE2312467,0850212791,893530305243718804,272039189509591
1SIMBILLE2312468,0850212792,893530305243718805,272039189509592
1SIMBILLE2312469,0850212793,893530305243718806,272039189509593
1SIMBILLE2312470,0850212794,893530305243718807,272039189509594
1SIMBILLE2312471,0850212795,893530305243718808,272039189509595
1SIMBILLE2312472,0850212796,893530305243718809,272039189509596
1SIMBILLE2312473,0850212797,893530305243718810,272039189509597
1SIMBILLE2312474,0850212798,893530305243718811,272039189509598
1SIMBILLE2312475,0850212799,893530305243718812,272039189509599
1SIMBILLE2312476,0850212800,893530305243718813,272039189509600
1SIMBILLE2312477,0850212801,893530305243718814,272039189509601
1SIMBILLE2312478,0850212802,893530305243718815,272039189509602
1SIMBILLE2312479,0850212803,893530305243718816,272039189509603
1SIMBILLE2312480,0850212804,893530305243718817,272039189509604
1SIMBILLE2312481,0850212805,893530305243718818,272039189509605
1SIMBILLE2312482,0850212806,893530305243718819,272039189509606
1SIMBILLE2312483,0850212807,893530305243718820,272039189509607
1SIMBILLE2312484,0850212808,893530305243718821,272039189509608
1SIMBILLE2312485,0850212809,893530305243718822,272039189509609
1SIMBILLE2312486,0850212810,893530305243718823,272039189509610
1SIMBILLE2312487,0850212811,893530305243718824,272039189509611
1SIMBILLE2312488,0850212812,893530305243718825,272039189509612
1SIMBILLE2312489,0850212813,893530305243718826,272039189509613
1SIMBILLE2312490,0850212814,893530305243718827,272039189509614
1SIMBILLE2312491,0850212815,893530305243718828,272039189509615
1SIMBILLE2312492,0850212816,893530305243718829,272039189509616
1SIMBILLE2312493,0850212817,893530305243718830,272039189509617
1SIMBILLE2312494,0850212818,893530305243718831,272039189509618
1SIMBILLE2312495,0850212819,893530305243718832,272039189509619
1SIMBILLE2312496,0850212820,893530305243718833,272039189509620
1SIMBILLE2312497,0850212821,893530305243718834,272039189509621
1SIMBILLE2312498,0850212822,893530305243718835,272039189509622
1SIMBILLE2312499,0850212823,893530305243718836,272039189509623
1SIMBILLE2312500,0850212824,893530305243718837,272039189509624
1SIMBILLE2312501,0850212825,893530305243718838,272039189509625
1SIMBILLE2312502,0850212826,893530305243718839,272039189509626
1SIMBILLE2312503,0850212827,893530305243718840,272039189509627
1SIMBILLE2312504,0850212828,893530305243718841,272039189509628
1SIMBILLE2312505,0850212829,893530305243718842,272039189509629
1SIMBILLE2312506,0850212830,893530305243718843,272039189509630
1SIMBILLE2312507,0850212831,893530305243718844,272039189509631
1SIMBILLE2312508,0850212832,893530305243718845,272039189509632
1SIMBILLE2312509,0850212833,893530305243718846,272039189509633
1SIMBILLE2312510,0850212834,893530305243718847,272039189509634
1SIMBILLE2312511,0850212835,893530305243718848,272039189509635
1SIMBILLE2312512,0850212836,893530305243718849,272039189509636
1SIMBILLE2312513,0850212837,893530305243718850,272039189509637
1SIMBILLE2312514,0850212838,893530305243718851,272039189509638
1SIMBILLE2312515,0850212839,893530305243718852,272039189509639
1SIMBILLE2312516,0850212840,893530305243718853,272039189509640
1SIMBILLE2312517,0850212841,893530305243718854,272039189509641
1SIMBILLE2312518,0850212842,893530305243718855,272039189509642
1SIMBILLE2312519,0850212843,893530305243718856,272039189509643
1SIMBILLE2312520,0850212844,893530305243718857,272039189509644
1SIMBILLE2312521,0850212845,893530305243718858,272039189509645
1SIMBILLE2312522,0850212846,893530305243718859,272039189509646
1SIMBILLE2312523,0850212847,893530305243718860,272039189509647
1SIMBILLE2312524,0850212848,893530305243718861,272039189509648
1SIMBILLE2312525,0850212849,893530305243718862,272039189509649
1SIMBILLE2312526,0850212850,893530305243718863,272039189509650
1SIMBILLE2312527,0850212851,893530305243718864,272039189509651
1SIMBILLE2312528,0850212852,893530305243718865,272039189509652
1SIMBILLE2312529,0850212853,893530305243718866,272039189509653
1SIMBILLE2312530,0850212854,893530305243718867,272039189509654
1SIMBILLE2312531,0850212855,893530305243718868,272039189509655
1SIMBILLE2312532,0850212856,893530305243718869,272039189509656
1SIMBILLE2312533,0850212857,893530305243718870,272039189509657
1SIMBILLE2312534,0850212858,893530305243718871,272039189509658
1SIMBILLE2312535,0850212859,893530305243718872,272039189509659
1SIMBILLE2312536,0850212860,893530305243718873,272039189509660
1SIMBILLE2312537,0850212861,893530305243718874,272039189509661
1SIMBILLE2312538,0850212862,893530305243718875,272039189509662
1SIMBILLE2312539,0850212863,893530305243718876,272039189509663
1SIMBILLE2312540,0850212864,893530305243718877,272039189509664
1SIMBILLE2312541,0850212865,893530305243718878,272039189509665
1SIMBILLE2312542,0850212866,893530305243718879,272039189509666
1SIMBILLE2312543,0850212867,893530305243718880,272039189509667
1SIMBILLE2312544,0850212868,893530305243718881,272039189509668
1SIMBILLE2312545,0850212869,893530305243718882,272039189509669
1SIMBILLE2312546,0850212870,893530305243718883,272039189509670
1SIMBILLE2312547,0850212871,893530305243718884,272039189509671
1SIMBILLE2312548,0850212872,893530305243718885,272039189509672
1SIMBILLE2312549,0850212873,893530305243718886,272039189509673
1SIMBILLE2312550,0850212874,893530305243718887,272039189509674
1SIMBILLE2312551,0850212875,893530305243718888,272039189509675
1SIMBILLE2312552,0850212876,893530305243718889,272039189509676
1SIMBILLE2312553,0850212877,893530305243718890,272039189509677
1SIMBILLE2312554,0850212878,893530305243718891,272039189509678
1SIMBILLE2312555,0850212879,893530305243718892,272039189509679
1SIMBILLE2312556,0850212880,893530305243718893,272039189509680
1SIMBILLE2312557,0850212881,893530305243718894,272039189509681
1SIMBILLE2312558,0850212882,893530305243718895,272039189509682
1SIMBILLE2312559,0850212883,893530305243718896,272039189509683
1SIMBILLE2312560,0850212884,893530305243718897,272039189509684
1SIMBILLE2312561,0850212885,893530305243718898,272039189509685
1SIMBILLE2312562,0850212886,893530305243718899,272039189509686
1SIMBILLE2312563,0850212887,893530305243718900,272039189509687
1SIMBILLE2312564,0850212888,893530305243718901,272039189509688
1SIMBILLE2312565,0850212889,893530305243718902,272039189509689
1SIMBILLE2312566,0850212890,893530305243718903,272039189509690
1SIMBILLE2312567,0850212891,893530305243718904,272039189509691
1SIMBILLE2312568,0850212892,893530305243718905,272039189509692
1SIMBILLE2312569,0850212893,893530305243718906,272039189509693
1SIMBILLE2312570,0850212894,893530305243718907,272039189509694
1SIMBILLE2312571,0850212895,893530305243718908,272039189509695
1SIMBILLE2312572,0850212896,893530305243718909,272039189509696
1SIMBILLE2312573,0850212897,893530305243718910,272039189509697
1SIMBILLE2312574,0850212898,893530305243718911,272039189509698
1SIMBILLE2312575,0850212899,893530305243718912,272039189509699