10,SWEEP,IRLME,07466,Y,00000000000000000000000000000000,,211118,211118,211118050158,+0100,02,,,02,050158,353,,
12,B,1213761
14,B,+0100
30,,272039160030160,358360106327270,1,1,1,5212345678,0,11,,,,,,,3462200000,31121,51022,0,211117,063429,B,185,000000,000000000,D,,00,00,03,,ESPXF
30,,272039160030160,353467110855550,1,1,1,237123456789,0,11,,,,,,,5731000000,31121,61248,0,211117,075528,B,11,000000,000000000,D,,00,00,03,,COLCM
30,,272039160030160,351826111859880,1,1,1,237123456789,0,11,,,,,,,2299700000,01051,10364,0,211117,080003,B,351,000000,000000000,D,,00,00,03,,BENSP
20,,272039160030160,352859309933310,1,1,1,237123456789,0,11,,,,,,,3937000000,31150,65019,0,211117,080324,B,346,000000,000000001,D,,03,00,00,,ITASI
20,,272039160030160,352859309933310,1,1,1,12345678900,0,11,,,,,,,3469000000,31150,65019,0,211117,080343,B,499,000000,000000001,D,,03,00,00,,ESPTE
30,,272039160030160,352859309933310,1,1,1,12345678900,0,11,,,,,,,6016000000,31150,65019,0,211117,080412,B,854,000000,000000000,D,,00,00,03,,MYSMT
30,,272039160030160,351826111859880,1,1,1,353851234567,0,11,,,,,,,9190370000,01051,10380,0,211117,080811,B,1,000000,000000000,D,,00,00,03,,INDT3
30,,272039160030160,350153274303290,1,1,1,3312345678,0,11,,,,,,,9472000000,01021,63396,0,211117,081734,B,841,000000,000000000,D,,00,00,03,,LKACT
20,,272039160030160,359847106259470,1,1,1,222123456789,0,11,,,,,,,9198200000,31121,61248,0,211117,082558,B,907,000000,000000002,D,,03,00,00,,INDB1
30,,272039160030160,359847106259470,1,1,1,61123456789,0,11,,,,,,,2126600000,31121,61248,0,211117,082621,B,1113,000000,000000000,D,,00,00,03,,MARMT
20,,272039160030160,356928101540340,1,1,1,3312345678,0,11,,,,,,,2547330000,01061,14154,0,211117,082619,B,169,000000,000000026,D,,03,00,00,,KENKC
30,,272039160030160,356928101540340,1,1,1,3412345678,0,11,,,,,,,2279000000,01061,14154,0,211117,082836,B,685,000000,000000000,D,,00,00,03,,NERFT
20,,272039160030160,358360106327270,1,1,1,47123456789,0,11,,,,,,,9198140000,31121,48353,0,211117,083350,B,780,000000,000000036,D,,03,00,00,,INDSP
20,,272039160030160,353467110855550,1,1,1,12345678900,0,11,,,,,,,5233300000,01021,51269,0,211117,083723,B,530,000000,000000009,D,,03,00,00,,MEXIU
20,,272039160030160,358360106327270,1,1,1,91123456789,0,11,,,,,,,9190380000,01021,60668,0,211117,083533,B,484,000000,000000049,D,,03,00,00,,INDTK
20,,272039160030160,358360106327270,1,1,1,86123456789,0,11,,,,,,,3548900000,31121,48353,0,211117,084336,B,136,000000,000000023,D,,03,00,00,,ISLPS
20,,272039160030160,353467110855550,1,1,1,5212345678,0,11,,,,,,,3763000000,31121,61248,0,211117,084624,B,923,000000,000000012,D,,03,00,00,,ANDMA
20,,272039160030160,356163111681890,1,1,1,3312345678,0,11,,,,,,,3774000000,31150,60321,0,211117,084509,B,455,000000,000000067,D,,03,00,00,,MCOM2
20,,272039160030160,866511041354690,1,1,1,12345678900,0,11,,,,,,,5436000000,01021,51269,0,211117,085124,B,1029,000000,000000003,D,,03,00,00,,ARGVO
20,,272039160030160,356163111681890,1,1,1,5212345678,0,11,,,,,,,3069900000,31150,60321,0,211117,085208,B,989,000000,000000027,D,,03,00,00,,GRCSH
20,,272039160030160,358360106327270,1,1,1,237123456789,0,11,,,,,,,2389900000,31121,48353,0,211117,085652,B,1073,000000,000000054,D,,03,00,00,,CPVCV
20,,272039160030160,356163111681890,1,1,1,3312345678,0,11,,,,,,,9231000000,10131,32641,0,211117,090516,B,624,000000,000000018,D,,03,00,00,,PAKPL
30,,272039160030160,354568110787440,1,1,1,237123456789,0,11,,,,,,,4560900000,01051,10281,0,211117,090221,B,898,000000,000000000,D,,00,00,03,,DNKTD
20,,272039160030160,359708824377160,1,1,1,112345678900,0,11,,,,,,,4366000000,01061,34436,0,211117,091628,B,896,000000,000000038,D,,03,00,00,,AUTHU
30,,272039160030160,356163111681890,1,1,1,5212345678,0,11,,,,,,,5294200000,31150,59013,0,211117,092357,B,667,000000,000000000,D,,00,00,03,,MEXMS
20,,272039160030160,353467110855550,1,1,1,47123456789,0,11,,,,,,,8210200000,01021,51269,0,211117,092951,B,268,000000,000000001,D,,03,00,00,,KORSK
20,,272039160030160,352859309933310,1,1,1,47123456789,0,11,,,,,,,1876000000,01061,24265,0,211117,093122,B,158,000000,000000018,D,,03,00,00,,JAMDC
20,,272039160030160,358360106327270,1,1,1,12345678900,0,11,,,,,,,9198370000,31121,48353,0,211117,090227,B,206,000000,000000767,D,,03,00,00,,INDEU
20,,272039160030160,359042089706940,1,1,1,237123456789,0,11,,,,,,,3932000000,01021,37100,0,211117,093101,B,868,000000,000000024,D,,03,00,00,,ITAWI
30,,272039160030160,353467110855550,1,1,1,112345678900,0,11,,,,,,,1809000000,31121,61248,0,211117,093128,B,349,000000,000000000,D,,00,00,03,,DOM01
30,,272039160030160,356928101540340,1,1,1,222123456789,0,11,,,,,,,1403400000,31150,65019,0,211117,094010,B,354,000000,000000000,D,,00,00,03,,CANBM
20,,272039160030160,867495039412500,1,1,1,3312345678,0,11,,,,,,,5500300000,00340,57462,0,211117,094322,B,524,000000,000000037,D,,03,00,00,,BRASP
20,,272039160030160,353169101417200,1,1,1,112345678900,0,11,,,,,,,5562810000,01021,63391,0,211117,094822,B,1172,000000,000000039,D,,03,00,00,,BRACS
30,,272039160030160,353169101417200,1,1,1,237123456789,0,11,,,,,,,8210291000,01021,63391,0,211117,095127,B,1072,000000,000000000,D,,00,00,03,,KORKF
20,,272039160030160,358685098519620,1,1,1,91123456789,0,11,,,,,,,5372640000,31150,65019,0,211117,095434,B,357,000000,000000031,D,,03,00,00,,CUB01
30,,272039160030160,356163111681890,1,1,1,112345678900,0,11,,,,,,,8612100000,31150,60322,0,211117,095422,B,998,000000,000000000,D,,00,00,03,,CHNCU
20,,272039160030160,358360106327270,1,1,1,20123456789,0,11,,,,,,,5434000000,01021,61172,0,211117,101748,B,1135,000000,000000003,D,,03,00,00,,ARGTP
30,,272039160030160,353169101417200,1,1,1,12345678900,0,11,,,,,,,5534900000,01021,63391,0,211117,101805,B,382,000000,000000000,D,,00,00,03,,BRACS
30,,272039160030160,358558821119860,1,1,1,3412345678,0,11,,,,,,,9190330000,01021,51269,0,211117,102037,B,136,000000,000000000,D,,00,00,03,,INDTG
30,,272039160030160,356163111681890,1,1,1,91123456789,0,11,,,,,,,8801600000,31150,60322,0,211117,101534,B,643,000000,000000000,D,,00,00,03,,BGDWT
20,,272039160030160,354127113753370,1,1,1,20123456789,0,11,,,,,,,5411500000,01021,48885,0,211117,102731,B,1074,000000,000000003,D,,03,00,00,,ARGTP
30,,272039160030160,358685098519620,1,1,1,20123456789,0,11,,,,,,,5595800000,01061,32397,0,211117,102730,B,1035,000000,000000000,D,,00,00,03,,BRASP
20,,272039160030160,359708824377160,1,1,1,222123456789,0,11,,,,,,,4438500000,01061,13661,0,211117,102648,B,340,000000,000000085,D,,03,00,00,,GBRVF
30,,272039160030160,353467110855550,1,1,1,61123456789,0,11,,,,,,,5519810000,01021,51269,0,211117,103223,B,610,000000,000000000,D,,00,00,03,,BRASP
30,,272039160030160,354127113753370,1,1,1,91123456789,0,11,,,,,,,2016000000,31121,63103,0,211117,103110,B,707,000000,000000000,D,,00,00,03,,EGYMS
20,,272039160030160,358685098519620,1,1,1,61123456789,0,11,,,,,,,1438580000,01061,32397,0,211117,103111,B,875,000000,000000169,D,,03,00,00,,CANTS
20,,272039160030160,356163111681890,1,1,1,3312345678,0,11,,,,,,,1876000000,10131,32643,0,211117,104003,B,1003,000000,000000028,D,,03,00,00,,JAMDC
20,,272039160030160,356163111681890,1,1,1,112345678900,0,11,,,,,,,9198940000,10131,32643,0,211117,104324,B,1126,000000,000000023,D,,03,00,00,,INDA4
20,,272039160030160,354127113753370,1,1,1,47123456789,0,11,,,,,,,3069900000,31121,63103,0,211117,104542,B,787,000000,000000023,D,,03,00,00,,GRCSH
30,,272039160030160,356163111681890,1,1,1,3412345678,0,11,,,,,,,5541990000,10131,32643,0,211117,104741,B,1169,000000,000000000,D,,00,00,03,,BRACS
20,,272039160030160,359708824377160,1,1,1,12345678900,0,11,,,,,,,4478020000,01061,14154,0,211117,104957,B,566,000000,000000061,D,,03,00,00,,GBRCN
30,,272039160030160,356163111681890,1,1,1,20123456789,0,11,,,,,,,9198890000,10131,32643,0,211117,105748,B,1156,000000,000000000,D,,00,00,03,,INDIU
20,,272039160030160,867495039412500,1,1,1,5212345678,0,11,,,,,,,6424100000,00320,55461,0,211117,105939,B,794,000000,000000031,D,,03,00,00,,NZLNH
30,,272039160030160,356163111681890,1,1,1,222123456789,0,11,,,,,,,9198870000,10131,32643,0,211117,110309,B,839,000000,000000000,D,,00,00,03,,INDIR
20,,272039160030160,867559036501640,1,1,1,61123456789,0,11,,,,,,,2995000000,00330,60211,0,211117,110157,B,68,000000,000000257,D,,03,00,00,,GRLTG
20,,272039160030160,356928101540340,1,1,1,20123456789,0,11,,,,,,,6281800000,31150,65019,0,211117,111202,B,884,000000,000000034,D,,03,00,00,,IDNEX
30,,272039160030160,358360106327270,1,1,1,112345678900,0,11,,,,,,,8529230000,01021,61172,0,211117,111524,B,167,000000,000000000,D,,00,00,03,,HKGM3
30,,272039160030160,867495039412500,1,1,1,20123456789,0,11,,,,,,,9725300000,01041,54620,0,211117,111208,B,374,000000,000000000,D,,00,00,03,,ISRMS
20,,272039160030160,867495039412500,1,1,1,12345678900,0,11,,,,,,,9198900000,01041,54499,0,211117,112611,B,40,000000,000000050,D,,03,00,00,,INDID
20,,272039160030160,357771574865450,1,1,1,3312345678,0,11,,,,,,,3546900000,30140,41892,0,211117,110900,B,85,000000,000000583,D,,03,00,00,,ISLTL
30,,272039160030160,356928101540340,1,1,1,20123456789,0,11,,,,,,,8190130000,31150,65019,0,211117,112955,B,610,000000,000000000,D,,00,00,03,,JPNJP
20,,272039160030160,358685098519620,1,1,1,47123456789,0,11,,,,,,,4477810000,01061,34436,0,211117,113925,B,496,000000,000000035,D,,03,00,00,,GBRGT
20,,272039160030160,352859309933310,1,1,1,222123456789,0,11,,,,,,,3859800000,31150,65019,0,211117,114100,B,472,000000,000000001,D,,03,00,00,,HRVCN
20,,272039160030160,352859309933310,1,1,1,3412345678,0,11,,,,,,,2126390000,31150,65019,0,211117,114123,B,995,000000,000000000,D,,03,00,00,,MARM1
30,,272039160030160,867495039412500,1,1,1,3312345678,0,11,,,,,,,5503100000,01041,54085,0,211117,113252,B,705,000000,000000000,D,,00,00,03,,BRATM
20,,272039160030160,356163111681890,1,1,1,61123456789,0,11,,,,,,,9182200000,10131,32641,0,211117,114833,B,64,000000,000000034,D,,03,00,00,,INDBO
30,,272039160030160,359458685424380,1,1,1,353851234567,0,11,,,,,,,6148100000,11104,16493,0,211117,115126,B,97,000000,000000000,D,,00,00,03,,AUSOP
30,,272039160030160,356392107931160,1,1,1,237123456789,0,11,,,,,,,2309600000,31150,65019,0,211117,115346,B,296,000000,000000000,D,,00,00,03,,MUSMT
30,,272039160030160,356392107931160,1,1,1,86123456789,0,11,,,,,,,3162800000,01061,23974,0,211117,115618,B,399,000000,000000000,D,,00,00,03,,NLDDT
30,,272039160030160,358685098519620,1,1,1,3312345678,0,11,,,,,,,5595800000,01061,14155,0,211117,115413,B,1009,000000,000000000,D,,00,00,03,,BRASP
20,,272039160030160,354127113753370,1,1,1,86123456789,0,11,,,,,,,3712920000,31121,63103,0,211117,115413,B,987,000000,000000149,D,,03,00,00,,LVALM
30,,272039160030160,359708824377160,1,1,1,47123456789,0,11,,,,,,,1705000000,31150,65019,0,211117,120331,B,1083,000000,000000000,D,,00,00,03,,CANRW
30,,272039160030160,867495039412500,1,1,1,112345678900,0,11,,,,,,,5583900000,01041,54508,0,211117,120021,B,374,000000,000000000,D,,00,00,03,,BRARN
20,,272039160030160,356392107931160,1,1,1,3412345678,0,11,,,,,,,4917500000,31150,65019,0,211117,121321,B,725,000000,000000001,D,,03,00,00,,DEUD1
20,,272039160030160,356392107931160,1,1,1,91123456789,0,11,,,,,,,3897000000,01061,23974,0,211117,121429,B,558,000000,000000018,D,,03,00,00,,MKDMM
20,,272039160030160,359042089706940,1,1,1,353851234567,0,11,,,,,,,3546500000,01021,37100,0,211117,121738,B,551,000000,000000044,D,,03,00,00,,ISLVW
30,,272039160030160,352859309933310,1,1,1,3312345678,0,11,,,,,,,4477850000,31150,65019,0,211117,122349,B,299,000000,000000000,D,,00,00,03,,GBRVF
20,,272039160030160,356392107931160,1,1,1,222123456789,0,11,,,,,,,5571900000,01061,23974,0,211117,123019,B,849,000000,000000000,D,,03,00,00,,BRACS
20,,272039160030160,356392107931160,1,1,1,47123456789,0,11,,,,,,,1876000000,01061,23974,0,211117,123038,B,67,000000,000000044,D,,03,00,00,,JAMDC
20,,272039160030160,358685098519620,1,1,1,91123456789,0,11,,,,,,,5581900000,01061,20891,0,211117,120548,B,1051,000000,000000784,D,,03,00,00,,BRACS
20,,272039160030160,354568110787440,1,1,1,86123456789,0,11,,,,,,,4477970000,01041,12430,0,211117,123731,B,458,000000,000000021,D,,03,00,00,,GBRJT
30,,272039160030160,359042089706940,1,1,1,353851234567,0,11,,,,,,,5066000000,01021,37112,0,211117,124636,B,360,000000,000000000,D,,00,00,03,,CRITC
20,,272039160030160,356082095755020,1,1,1,237123456789,0,11,,,,,,,5076610000,01021,51269,0,211117,125124,B,1182,000000,000000001,D,,03,00,00,,PANMS
30,,272039160030160,356082095755020,1,1,1,3412345678,0,11,,,,,,,4366000000,01021,51269,0,211117,125200,B,193,000000,000000000,D,,00,00,03,,AUTHU
20,,272039160030160,354568110787440,1,1,1,91123456789,0,11,,,,,,,9198240000,01041,13459,0,211117,125028,B,986,000000,000000088,D,,03,00,00,,INDBI
20,,272039160030160,356392107931160,1,1,1,61123456789,0,11,,,,,,,6424200000,01061,23974,0,211117,125224,B,863,000000,000000039,D,,03,00,00,,NZLNH
30,,272039160030160,353773291476030,1,1,1,47123456789,0,11,,,,,,,9198220000,31150,65019,0,211117,130053,B,1149,000000,000000000,D,,00,00,03,,INDBO
20,,272039160030160,350396265316870,1,1,1,237123456789,0,11,,,,,,,5043900000,01021,38113,0,211117,130129,B,57,000000,000000002,D,,03,00,00,,HNDME
20,,272039160030160,358558821119860,1,1,1,222123456789,0,11,,,,,,,5562810000,31121,61248,0,211117,130310,B,649,000000,000000025,D,,03,00,00,,BRACS
20,,272039160030160,350396265316870,1,1,1,86123456789,0,11,,,,,,,9198450000,01021,37116,0,211117,130930,B,215,000000,000000093,D,,03,00,00,,INDJB
30,,272039160030160,354568110787440,1,1,1,5212345678,0,11,,,,,,,3069900000,01041,13459,0,211117,131236,B,571,000000,000000000,D,,00,00,03,,GRCQT
20,,272039160030160,869341056207590,1,1,1,237123456789,0,11,,,,,,,4915750000,31150,65019,0,211117,131853,B,195,000000,000000034,D,,03,00,00,,DEUE1
30,,272039160030160,358685098519620,1,1,1,3312345678,0,11,,,,,,,6014900000,31150,65019,0,211117,131511,B,28,000000,000000000,D,,00,00,03,,MYSMR
20,,272039160030160,353773291476030,1,1,1,112345678900,0,11,,,,,,,3670000000,31150,65019,0,211117,132314,B,862,000000,000000015,D,,03,00,00,,HUNVR
20,,272039160030160,869341056207590,1,1,1,5212345678,0,11,,,,,,,9198410000,01061,14154,0,211117,132046,B,1114,000000,000000057,D,,03,00,00,,INDRC
20,,272039160030160,359316108892530,1,1,1,12345678900,0,11,,,,,,,4207790000,00360,56852,0,211117,132332,B,224,000000,000000004,D,,03,00,00,,CZECM
20,,272039160030160,865885048992030,1,1,1,3412345678,0,11,,,,,,,2389900000,00390,44023,0,211117,132652,B,478,000000,000000079,D,,03,00,00,,CPVCV
20,,272039160030160,356163111681890,1,1,1,91123456789,0,11,,,,,,,1902710000,10131,32643,0,211117,133144,B,1093,000000,000000012,D,,03,00,00,,CANBM
20,,272039160030160,356580107936460,1,1,1,12345678900,0,11,,,,,,,9198300000,00350,40592,0,211117,133626,B,460,000000,000000002,D,,03,00,00,,INDCC
20,,272039160030160,354141338896330,1,1,1,61123456789,0,11,,,,,,,6014300000,01071,34156,0,211117,133545,B,1161,000000,000000086,D,,03,00,00,,MYSMR
30,,272039160030160,865885048992030,1,1,1,222123456789,0,11,,,,,,,3462200000,00390,44023,0,211117,133617,B,1012,000000,000000000,D,,00,00,03,,ESPXF
20,,272039160030160,353169101417200,1,1,1,353851234567,0,11,,,,,,,3069900000,01021,63391,0,211117,134856,B,1052,000000,000000000,D,,03,00,00,,GRCSH
20,,272039160030160,353169101417200,1,1,1,5212345678,0,11,,,,,,,5511840000,01021,63391,0,211117,134917,B,462,000000,000000000,D,,03,00,00,,BRASP
30,,272039160030160,358558821119860,1,1,1,61123456789,0,11,,,,,,,3465400000,31121,61248,0,211117,135531,B,479,000000,000000000,D,,00,00,03,,ESPRT
20,,272039160030160,867129030789020,1,1,1,12345678900,0,11,,,,,,,5058100000,00350,46292,0,211117,135941,B,659,000000,000000002,D,,03,00,00,,NICMS
20,,272039160030160,865885048992030,1,1,1,12345678900,0,11,,,,,,,9197620000,00390,44023,0,211117,140312,B,309,000000,000000014,D,,03,00,00,,IND24
20,,272039160030160,351779112673880,1,1,1,112345678900,0,11,,,,,,,5917000000,01091,56678,0,211117,140939,B,337,000000,000000001,D,,03,00,00,,BOLNT
30,,272039160030160,353169101417200,1,1,1,91123456789,0,11,,,,,,,5434000000,31121,48303,0,211117,141125,B,789,000000,000000000,D,,00,00,03,,ARGTP
20,,272039160030160,865885048992030,1,1,1,237123456789,0,11,,,,,,,2016000000,00390,53421,0,211117,140943,B,1040,000000,000000005,D,,03,00,00,,EGYMS
30,,272039160030160,353169101417200,1,1,1,222123456789,0,11,,,,,,,3584576000,01021,63391,0,211117,141218,B,1098,000000,000000000,D,,00,00,03,,FINTA
20,,272039160030160,359042089706940,1,1,1,91123456789,0,11,,,,,,,3712585000,01021,37112,0,211117,141408,B,370,000000,000000048,D,,03,00,00,,LTUMT
30,,272039160030160,358558821119860,1,1,1,86123456789,0,11,,,,,,,3099000000,31121,61248,0,211117,141849,B,396,000000,000000000,D,,00,00,03,,GRCSH
20,,272039160030160,865885048992030,1,1,1,91123456789,0,11,,,,,,,4207790000,00390,44023,0,211117,141223,B,1008,000000,000000195,D,,03,00,00,,CZECM
20,,272039160030160,358558821119860,1,1,1,353851234567,0,11,,,,,,,5513810000,31121,61248,0,211117,142019,B,433,000000,000000006,D,,03,00,00,,BRASP
30,,272039160030160,353773291476030,1,1,1,222123456789,0,11,,,,,,,3584000000,31150,65019,0,211117,142448,B,1111,000000,000000000,D,,00,00,03,,FINTF
20,,272039160030160,357771574865450,1,1,1,237123456789,0,11,,,,,,,1876000000,00340,53431,0,211117,143050,B,463,000000,000000011,D,,03,00,00,,JAMDC
20,,272039160030160,358558821119860,1,1,1,5212345678,0,11,,,,,,,5199440000,01021,51277,0,211117,143100,B,457,000000,000000022,D,,03,00,00,,PERMO
30,,272039160030160,869341056207590,1,1,1,86123456789,0,11,,,,,,,3361100000,31150,65019,0,211117,143840,B,569,000000,000000000,D,,00,00,03,,FRAF9
30,,272039160030160,356163111681890,1,1,1,12345678900,0,11,,,,,,,9725700000,31150,60322,0,211117,143905,B,350,000000,000000000,D,,00,00,03,,ISRMS
30,,272039160030160,356928101540340,1,1,1,112345678900,0,11,,,,,,,9180900000,31150,65019,0,211117,143715,B,445,000000,000000000,D,,00,00,03,,INDTD
20,,272039160030160,358558821119860,1,1,1,5212345678,0,11,,,,,,,2547500000,01021,13305,0,211117,144209,B,441,000000,000000019,D,,03,00,00,,KENEC
20,,272039160030160,358685098519620,1,1,1,3312345678,0,11,,,,,,,3247500000,31150,65019,0,211117,144417,B,841,000000,000000003,D,,03,00,00,,BELTB
20,,272039160030160,869341056207590,1,1,1,91123456789,0,11,,,,,,,9725700000,31150,65019,0,211117,144432,B,896,000000,000000002,D,,03,00,00,,ISRMS
30,,272039160030160,354127113753370,1,1,1,237123456789,0,11,,,,,,,9188700000,31121,61261,0,211117,144416,B,94,000000,000000000,D,,00,00,03,,INDIR
20,,272039160030160,356928101540340,1,1,1,237123456789,0,11,,,,,,,3620000000,31150,65019,0,211117,144423,B,1115,000000,000000027,D,,03,00,00,,HUNH1
20,,272039160030160,867129030789020,1,1,1,12345678900,0,11,,,,,,,3460600000,00340,45752,0,211117,145830,B,643,000000,000000002,D,,03,00,00,,ESPTE
20,,272039160030160,869341056207590,1,1,1,91123456789,0,11,,,,,,,9715500000,01061,20897,0,211117,145917,B,799,000000,000000003,D,,03,00,00,,AREDU
20,,272039160030160,357367094292350,1,1,1,353851234567,0,11,,,,,,,4531300000,00360,46322,0,211117,150411,B,603,000000,000000002,D,,03,00,00,,DNKHU
20,,272039160030160,359847106259470,1,1,1,20123456789,0,11,,,,,,,1647850000,31121,61248,0,211117,150441,B,617,000000,000000033,D,,03,00,00,,CANTS
30,,272039160030160,867129030789020,1,1,1,12345678900,0,11,,,,,,,3712585000,00340,45751,0,211117,150957,B,632,000000,000000000,D,,00,00,03,,LTUMT
20,,272039160030160,352859309933310,1,1,1,20123456789,0,11,,,,,,,8210291000,31150,65019,0,211117,151128,B,652,000000,000000018,D,,03,00,00,,KORKF
20,,272039160030160,865885048992030,1,1,1,3312345678,0,11,,,,,,,5076000000,00390,63732,0,211117,144156,B,782,000000,000000833,D,,03,00,00,,PANDC
20,,272039160030160,869341056207590,1,1,1,47123456789,0,11,,,,,,,2389900000,31150,60211,0,211117,151757,B,711,000000,000000002,D,,03,00,00,,CPVCV
30,,272039160030160,869341056207590,1,1,1,3412345678,0,11,,,,,,,5692000000,31150,60211,0,211117,152749,B,201,000000,000000000,D,,00,00,03,,CHLSM
30,,272039160030160,354568110787440,1,1,1,237123456789,0,11,,,,,,,9715500000,01041,12430,0,211117,154126,B,1173,000000,000000000,D,,00,00,03,,AREDU
20,,272039160030160,869341056207590,1,1,1,353851234567,0,11,,,,,,,4917100000,31150,60211,0,211117,154430,B,1119,000000,000000024,D,,03,00,00,,DEUD1
30,,272039160030160,865885048992030,1,1,1,47123456789,0,11,,,,,,,9198910000,00390,63732,0,211117,151603,B,1051,000000,000000000,D,,00,00,03,,INDID
30,,272039160030160,358685098519620,1,1,1,5212345678,0,11,,,,,,,9477000000,31150,65019,0,211117,154854,B,447,000000,000000000,D,,00,00,03,,LKADG
30,,272039160030160,353169101417200,1,1,1,222123456789,0,11,,,,,,,9197020000,01021,63391,0,211117,155044,B,826,000000,000000000,D,,00,00,03,,INDIM
20,,272039160030160,867495039412500,1,1,1,20123456789,0,11,,,,,,,3706990000,01032,43718,0,211117,153557,B,813,000000,000000527,D,,03,00,00,,LTUMT
20,,272039160030160,359144077540030,1,1,1,61123456789,0,11,,,,,,,9199420000,00380,63462,0,211117,155549,B,46,000000,000000001,D,,03,00,00,,INDAC
30,,272039160030160,357771574865450,1,1,1,47123456789,0,11,,,,,,,3752960000,00340,43023,0,211117,160543,B,213,000000,000000000,D,,00,00,03,,BLRMD
20,,272039160030160,358558821119860,1,1,1,20123456789,0,11,,,,,,,3598800000,31121,61248,0,211117,160509,B,898,000000,000000001,D,,03,00,00,,BGR01
30,,272039160030160,358558821119860,1,1,1,353851234567,0,11,,,,,,,2206000000,31121,61248,0,211117,160748,B,534,000000,000000000,D,,00,00,03,,GMBCM
30,,272039160030160,354568110787440,1,1,1,47123456789,0,11,,,,,,,2547500000,01041,13459,0,211117,161707,B,716,000000,000000000,D,,00,00,03,,KENEC
30,,272039160030160,350153274303290,1,1,1,112345678900,0,11,,,,,,,45405a0000,01021,63395,0,211117,161259,B,703,000000,000000000,D,,00,00,03,,DNKDM
20,,272039160030160,358685098519620,1,1,1,47123456789,0,11,,,,,,,5255122300,01061,32397,0,211117,161532,B,564,000000,000000177,D,,03,00,00,,MEXMS
30,,272039160030160,359708824377160,1,1,1,112345678900,0,11,,,,,,,6757220000,31150,60211,0,211117,162627,B,688,000000,000000000,D,,00,00,03,,JAMDC
20,,272039160030160,358558821119860,1,1,1,353851234567,0,11,,,,,,,5119500000,31121,61248,0,211117,162857,B,235,000000,000000010,D,,03,00,00,,PERMO
20,,272039160030160,352859309933310,1,1,1,12345678900,0,11,,,,,,,2307200000,31150,65019,0,211117,162828,B,254,000000,000000032,D,,03,00,00,,MUSEM
20,,272039160030160,352859309933310,1,1,1,112345678900,0,11,,,,,,,9190900000,31150,65019,0,211117,163121,B,1107,000000,000000011,D,,03,00,00,,INDIO
20,,272039160030160,358558821119860,1,1,1,20123456789,0,11,,,,,,,3556900000,31121,61248,0,211117,163314,B,947,000000,000000037,D,,03,00,00,,ALBVF
20,,272039160030160,357962107799200,1,1,1,20123456789,0,11,,,,,,,2648100000,31150,65019,0,211117,164153,B,176,000000,000000020,D,,03,00,00,,NAM01
30,,272039160030160,865885048992030,1,1,1,20123456789,0,11,,,,,,,5511850000,00390,44023,0,211117,164204,B,398,000000,000000000,D,,00,00,03,,BRASP
20,,272039160030160,352859309933310,1,1,1,353851234567,0,11,,,,,,,9194300000,31150,65019,0,211117,164216,B,544,000000,000000036,D,,03,00,00,,INDWB
30,,272039160030160,869341056207590,1,1,1,222123456789,0,11,,,,,,,3584000000,31150,65019,0,211117,164007,B,30,000000,000000000,D,,00,00,03,,FINTF
20,,272039160030160,358685098519620,1,1,1,91123456789,0,11,,,,,,,9725400000,01061,32397,0,211117,164751,B,365,000000,000000008,D,,03,00,00,,ISR01
30,,272039160030160,865885048992030,1,1,1,222123456789,0,11,,,,,,,9190400000,00390,44023,0,211117,164420,B,145,000000,000000000,D,,00,00,03,,INDTO
20,,272039160030160,352859309933310,1,1,1,112345678900,0,11,,,,,,,9188700000,31150,65019,0,211117,165438,B,585,000000,000000010,D,,03,00,00,,INDIR
20,,272039160030160,358685098519620,1,1,1,20123456789,0,11,,,,,,,8829900000,01061,32397,0,211117,164819,B,418,000000,000000388,D,,03,00,00,,NORAM
30,,272039160030160,358558821119860,1,1,1,222123456789,0,11,,,,,,,9472000000,01021,51269,0,211117,171032,B,249,000000,000000000,D,,00,00,03,,LKACT
30,,272039160030160,356928101540340,1,1,1,237123456789,0,11,,,,,,,3366000000,31150,65019,0,211117,170600,B,1102,000000,000000000,D,,00,00,03,,FRAF3
20,,272039160030160,353467110855550,1,1,1,3312345678,0,11,,,,,,,2995000000,31121,61248,0,211117,171033,B,1098,000000,000000010,D,,03,00,00,,GRLTG
30,,272039160030160,359847106259470,1,1,1,47123456789,0,11,,,,,,,3548900000,31121,61248,0,211117,171346,B,44,000000,000000000,D,,00,00,03,,ISLPS
20,,272039160030160,353019117623700,1,1,1,222123456789,0,11,,,,,,,9199650000,01021,49168,0,211117,171750,B,626,000000,000000084,D,,03,00,00,,INDAC
20,,272039160030160,358685098519620,1,1,1,237123456789,0,11,,,,,,,3520210000,31150,65019,0,211117,172219,B,361,000000,000000012,D,,03,00,00,,LUXPT
30,,272039160030160,356928101540340,1,1,1,3312345678,0,11,,,,,,,9198900000,01061,23974,0,211117,172218,B,1006,000000,000000000,D,,00,00,03,,INDMT
30,,272039160030160,863024051299230,1,1,1,5212345678,0,11,,,,,,,4915750000,01032,27445,0,211117,172732,B,610,000000,000000000,D,,00,00,03,,DEUE1
30,,272039160030160,356082095755020,1,1,1,3312345678,0,11,,,,,,,6141400000,01021,51269,0,211117,173127,B,1143,000000,000000000,D,,00,00,03,,AUSVF
20,,272039160030160,357367094292350,1,1,1,353851234567,0,11,,,,,,,2279000000,00360,51471,0,211117,174445,B,703,000000,000000002,D,,03,00,00,,NERFT
30,,272039160030160,865885048992030,1,1,1,3312345678,0,11,,,,,,,4369900000,00390,53421,0,211117,174440,B,848,000000,000000000,D,,00,00,03,,AUTCA
20,,272039160030160,357879820234670,1,1,1,353851234567,0,11,,,,,,,9893500000,01061,23974,0,211117,174902,B,371,000000,000000049,D,,03,00,00,,IRNMI
20,,272039160030160,865885048992030,1,1,1,237123456789,0,11,,,,,,,9190320000,00390,53421,0,211117,175026,B,1153,000000,000000027,D,,03,00,00,,INDT0
20,,272039160030160,865885048992030,1,1,1,3312345678,0,11,,,,,,,6797000000,00390,53421,0,211117,175154,B,234,000000,000000001,D,,03,00,00,,FJIDP
20,,272039160030160,865885048992030,1,1,1,91123456789,0,11,,,,,,,1876000000,00390,53421,0,211117,175309,B,342,000000,000000001,D,,03,00,00,,JAMDC
20,,272039160030160,865885048992030,1,1,1,61123456789,0,11,,,,,,,9190860000,00390,47882,0,211117,175417,B,506,000000,000000001,D,,03,00,00,,INDIJ
20,,272039160030160,354568110787440,1,1,1,112345678900,0,11,,,,,,,9198310000,01051,10400,0,211117,175453,B,249,000000,000000019,D,,03,00,00,,INDMT
20,,272039160030160,353773291476030,1,1,1,3312345678,0,11,,,,,,,3462200000,01061,23974,0,211117,175817,B,410,000000,000000017,D,,03,00,00,,ESPXF
20,,272039160030160,353773291476030,1,1,1,3412345678,0,11,,,,,,,9190430000,31150,65019,0,211117,175957,B,178,000000,000000005,D,,03,00,00,,INDT2
20,,272039160030160,865885048992030,1,1,1,20123456789,0,11,,,,,,,8829800000,00390,53421,0,211117,175537,B,340,000000,000000198,D,,03,00,00,,CHEOA
30,,272039160030160,354568110787440,1,1,1,61123456789,0,11,,,,,,,9198300000,31101,51391,0,211117,180518,B,490,000000,000000000,D,,00,00,03,,INDCC
20,,272039160030160,356082095755020,1,1,1,112345678900,0,11,,,,,,,2335700000,01021,51553,0,211117,180425,B,480,000000,000000045,D,,03,00,00,,GHAMT
20,,272039160030160,356082095755020,1,1,1,5212345678,0,11,,,,,,,2011000000,01021,51553,0,211117,180617,B,828,000000,000000060,D,,03,00,00,,EGYEM
20,,272039160030160,356082095755020,1,1,1,237123456789,0,11,,,,,,,8190665000,01021,51553,0,211117,180847,B,852,000000,000000119,D,,03,00,00,,JPNJP
30,,272039160030160,865885048992030,1,1,1,222123456789,0,11,,,,,,,8559000000,00390,53421,0,211117,181440,B,1106,000000,000000000,D,,00,00,03,,KHMST
20,,272039160030160,865885048992030,1,1,1,86123456789,0,11,,,,,,,9198460000,00390,53421,0,211117,180325,B,68,000000,000000323,D,,03,00,00,,INDBK
30,,272039160030160,356163111681890,1,1,1,61123456789,0,11,,,,,,,1905610000,01061,63581,0,211117,181648,B,1192,000000,000000000,D,,00,00,03,,CANBM
20,,272039160030160,356163111681890,1,1,1,222123456789,0,11,,,,,,,9197380000,01061,63997,0,211117,182442,B,338,000000,000000009,D,,03,00,00,,IND22
30,,272039160030160,867129030789020,1,1,1,61123456789,0,11,,,,,,,5076610000,00340,45751,0,211117,182517,B,357,000000,000000000,D,,00,00,03,,PANMS
30,,272039160030160,353467110855550,1,1,1,61123456789,0,11,,,,,,,4540100000,01021,37054,0,211117,183519,B,1100,000000,000000000,D,,00,00,03,,DNKTD
30,,272039160030160,356392107931160,1,1,1,47123456789,0,11,,,,,,,1876000000,01061,23974,0,211117,183813,B,181,000000,000000000,D,,00,00,03,,JAMDC
30,,272039160030160,356163111681890,1,1,1,3412345678,0,11,,,,,,,4915700000,01061,64793,0,211117,185818,B,813,000000,000000000,D,,00,00,03,,DEUE1
30,,272039160030160,359125101327230,1,1,1,91123456789,0,11,,,,,,,9180920000,00350,50632,0,211117,185715,B,784,000000,000000000,D,,00,00,03,,INDTR
30,,272039160030160,351328117236330,1,1,1,20123456789,0,11,,,,,,,4365000000,01021,35598,0,211117,190759,B,636,000000,000000000,D,,00,00,03,,AUTPT
20,,272039160030160,352711095912070,1,1,1,237123456789,0,11,,,,,,,5541990000,00350,47962,0,211117,192751,B,69,000000,000000002,D,,03,00,00,,BRACS
20,,272039160030160,352711095912070,1,1,1,91123456789,0,11,,,,,,,4207330000,00350,47962,0,211117,192913,B,61,000000,000000002,D,,03,00,00,,CZERM
20,,272039160030160,358558821119860,1,1,1,91123456789,0,11,,,,,,,4477820000,01021,61172,0,211117,193112,B,280,000000,000000000,D,,03,00,00,,GBRHU
20,,272039160030160,866957039310790,1,1,1,12345678900,0,11,,,,,,,2348020000,01071,31755,0,211117,192931,B,341,000000,000000173,D,,03,00,00,,NGAET
20,,272039160030160,352711095912070,1,1,1,222123456789,0,11,,,,,,,4476240000,00350,41643,0,211117,193350,B,711,000000,000000019,D,,03,00,00,,GBRMT
30,,272039160030160,351328117236330,1,1,1,47123456789,0,11,,,,,,,9198450000,01021,35598,0,211117,192542,B,197,000000,000000000,D,,00,00,03,,INDJB
30,,272039160030160,358685098519620,1,1,1,61123456789,0,11,,,,,,,5255122300,01061,32397,0,211117,193550,B,1040,000000,000000000,D,,00,00,03,,MEXMS
20,,272039160030160,354127113753370,1,1,1,3312345678,0,11,,,,,,,3099000000,01021,63410,0,211117,193551,B,186,000000,000000268,D,,03,00,00,,GRCSH
30,,272039160030160,865885048992030,1,1,1,353851234567,0,11,,,,,,,3247500000,00390,63732,0,211117,194955,B,721,000000,000000000,D,,00,00,03,,BELTB
30,,272039160030160,359708824377160,1,1,1,61123456789,0,11,,,,,,,8613200000,01061,26444,0,211117,195846,B,448,000000,000000000,D,,00,00,03,,CHNCU
20,,272039160030160,869341056207590,1,1,1,47123456789,0,11,,,,,,,4915750000,01061,32246,0,211117,195659,B,886,000000,000000242,D,,03,00,00,,DEUE1
30,,272039160030160,351328117237800,1,1,1,3412345678,0,11,,,,,,,1809000000,31122,61024,0,211117,201420,B,829,000000,000000000,D,,00,00,03,,DOM01
30,,272039160030160,358360106327270,1,1,1,20123456789,0,11,,,,,,,9198890000,01021,61172,0,211117,203530,B,18,000000,000000000,D,,00,00,03,,INDIU
30,,272039160030160,356562086099770,1,1,1,5212345678,0,11,,,,,,,9190460000,01061,24585,0,211117,204046,B,934,000000,000000000,D,,00,00,03,,INDT9
30,,272039160030160,351328117237800,1,1,1,222123456789,0,11,,,,,,,9627900000,01021,25673,0,211117,214400,B,1087,000000,000000000,D,,00,00,03,,JORFL
30,,272039160030160,353467110855550,1,1,1,20123456789,0,11,,,,,,,3556800000,01021,61628,0,211117,215338,B,1039,000000,000000000,D,,00,00,03,,ALBAM
30,,272039160030160,353552681993170,1,1,1,5212345678,0,11,,,,,,,9725000000,01021,61224,0,211117,215632,B,924,000000,000000000,D,,00,00,03,,ISRPL
20,,272039160030160,359042089706940,1,1,1,5212345678,0,11,,,,,,,3094000000,01021,37143,0,211118,001810,B,34,000000,000000000,D,,03,00,00,,GRCPF
20,,272039160030160,356562086099770,1,1,1,61123456789,0,11,,,,,,,5513810000,01061,23974,0,211118,041537,B,310,000000,000000004,D,,03,00,00,,BRASP
20,,272039160030160,356562086099770,1,1,1,20123456789,0,11,,,,,,,5551810000,31150,65019,0,211118,042009,B,1039,000000,000000003,D,,03,00,00,,BRACS
20,,272039160030160,356928101540340,1,1,1,353851234567,0,11,,,,,,,9197620000,01061,23239,0,211118,043148,B,1043,000000,000000018,D,,03,00,00,,IND24
90,SWEEP,IRLME,07466,215,211116052720,+0100,211118043148,+0100,8.54114,,