10,SWEEP,IRLME,07466,Y,00000000000000000000000000000000,,211118,211118,211118050158,+0100,02,,,02,050158,353,,
12,B,1213761
14,B,+0100
30,,272039160030160,358360106327270,1,1,1,3312345678,0,11,,,,,,,1438580000,31121,51022,0,211118,131208,B,86,000000,000000000,D,,00,00,03,,CANTE
30,,272039160030160,353467110855550,1,1,1,3412345678,0,11,,,,,,,1876000000,31121,61248,0,211118,131209,B,716,000000,000000000,D,,00,00,03,,JAMDC
30,,272039160030160,351826111859880,1,1,1,112345678900,0,11,,,,,,,6016000000,01051,10364,0,211118,131210,B,502,000000,000000000,D,,00,00,03,,MYSMR
20,,272039160030160,352859309933310,1,1,1,3312345678,0,11,,,,,,,2584400000,31150,65019,0,211118,131211,B,503,000000,000000001,D,,03,00,00,,MOZ01
20,,272039160030160,352859309933310,1,1,1,86123456789,0,11,,,,,,,9198220000,31150,65019,0,211118,131212,B,1123,000000,000000001,D,,03,00,00,,INDBO
30,,272039160030160,352859309933310,1,1,1,20123456789,0,11,,,,,,,9947000000,31150,65019,0,211118,131213,B,51,000000,000000000,D,,00,00,03,,AZEAF
30,,272039160030160,351826111859880,1,1,1,3312345678,0,11,,,,,,,6424300000,01051,10380,0,211118,131214,B,993,000000,000000000,D,,00,00,03,,NZLNH
30,,272039160030160,350153274303290,1,1,1,12345678900,0,11,,,,,,,6797000000,01021,63396,0,211118,131215,B,423,000000,000000000,D,,00,00,03,,FJIDP
20,,272039160030160,359847106259470,1,1,1,12345678900,0,11,,,,,,,6014600000,31121,61248,0,211118,131216,B,461,000000,000000002,D,,03,00,00,,MYSMR
30,,272039160030160,359847106259470,1,1,1,3312345678,0,11,,,,,,,9733900000,31121,61248,0,211118,131217,B,462,000000,000000000,D,,00,00,03,,BHRBT
20,,272039160030160,356928101540340,1,1,1,3312345678,0,11,,,,,,,5999690000,01061,14154,0,211118,131218,B,809,000000,000000026,D,,03,00,00,,ANTCT
30,,272039160030160,356928101540340,1,1,1,20123456789,0,11,,,,,,,6422000000,01061,14154,0,211118,131219,B,1130,000000,000000000,D,,00,00,03,,NZLNH
20,,272039160030160,358360106327270,1,1,1,3412345678,0,11,,,,,,,8190860000,31121,48353,0,211118,131220,B,286,000000,000000036,D,,03,00,00,,JPNJP
20,,272039160030160,353467110855550,1,1,1,237123456789,0,11,,,,,,,6141500000,01021,51269,0,211118,131221,B,1013,000000,000000009,D,,03,00,00,,AUSVF
20,,272039160030160,358360106327270,1,1,1,112345678900,0,11,,,,,,,9198300000,01021,60668,0,211118,131222,B,928,000000,000000049,D,,03,00,00,,INDCC
20,,272039160030160,358360106327270,1,1,1,112345678900,0,11,,,,,,,9198080000,31121,48353,0,211118,131223,B,1069,000000,000000023,D,,03,00,00,,IND18
20,,272039160030160,353467110855550,1,1,1,20123456789,0,11,,,,,,,9197020000,31121,61248,0,211118,131224,B,321,000000,000000012,D,,03,00,00,,INDIM
20,,272039160030160,356163111681890,1,1,1,3412345678,0,11,,,,,,,9190300000,31150,60321,0,211118,131225,B,850,000000,000000067,D,,03,00,00,,INDT0
20,,272039160030160,866511041354690,1,1,1,91123456789,0,11,,,,,,,5432000000,01021,51269,0,211118,131226,B,344,000000,000000003,D,,03,00,00,,ARGCM
20,,272039160030160,356163111681890,1,1,1,353851234567,0,11,,,,,,,9689500000,31150,60321,0,211118,131227,B,192,000000,000000027,D,,03,00,00,,OMNNT
20,,272039160030160,358360106327270,1,1,1,20123456789,0,11,,,,,,,9198900000,31121,48353,0,211118,131228,B,1196,000000,000000054,D,,03,00,00,,INDA2
20,,272039160030160,356163111681890,1,1,1,20123456789,0,11,,,,,,,3774000000,10131,32641,0,211118,131229,B,20,000000,000000018,D,,03,00,00,,MCOM2
30,,272039160030160,354568110787440,1,1,1,353851234567,0,11,,,,,,,9197000000,01051,10281,0,211118,131230,B,274,000000,000000000,D,,00,00,03,,IND23
20,,272039160030160,359708824377160,1,1,1,47123456789,0,11,,,,,,,4237800000,01061,34436,0,211118,131231,B,311,000000,000000038,D,,03,00,00,,LIEVE
30,,272039160030160,356163111681890,1,1,1,61123456789,0,11,,,,,,,2126100000,31150,59013,0,211118,131232,B,1100,000000,000000000,D,,00,00,03,,MARM1
20,,272039160030160,353467110855550,1,1,1,12345678900,0,11,,,,,,,5731000000,01021,51269,0,211118,131233,B,925,000000,000000001,D,,03,00,00,,COLCM
20,,272039160030160,352859309933310,1,1,1,86123456789,0,11,,,,,,,9182600000,01061,24265,0,211118,131234,B,96,000000,000000018,D,,03,00,00,,INDMP
20,,272039160030160,358360106327270,1,1,1,47123456789,0,11,,,,,,,8823200000,31121,48353,0,211118,131235,B,458,000000,000000767,D,,03,00,00,,NORMC
20,,272039160030160,359042089706940,1,1,1,3412345678,0,11,,,,,,,3162800000,01021,37100,0,211118,131236,B,715,000000,000000024,D,,03,00,00,,NLDDT
30,,272039160030160,353467110855550,1,1,1,3412345678,0,11,,,,,,,4917100000,31121,61248,0,211118,131237,B,706,000000,000000000,D,,00,00,03,,DEUD1
30,,272039160030160,356928101540340,1,1,1,237123456789,0,11,,,,,,,5906900000,31150,65019,0,211118,131238,B,892,000000,000000000,D,,00,00,03,,GLP01
20,,272039160030160,867495039412500,1,1,1,353851234567,0,11,,,,,,,3556600000,00340,57462,0,211118,131239,B,1027,000000,000000037,D,,03,00,00,,ALBM4
20,,272039160030160,353169101417200,1,1,1,3312345678,0,11,,,,,,,6143000000,01021,63391,0,211118,131240,B,636,000000,000000039,D,,03,00,00,,AUSHU
30,,272039160030160,353169101417200,1,1,1,222123456789,0,11,,,,,,,3165300000,01021,63391,0,211118,131241,B,1179,000000,000000000,D,,00,00,03,,NLDPT
20,,272039160030160,358685098519620,1,1,1,20123456789,0,11,,,,,,,9725200000,31150,65019,0,211118,131242,B,481,000000,000000031,D,,03,00,00,,ISRCL
30,,272039160030160,356163111681890,1,1,1,237123456789,0,11,,,,,,,2279000000,31150,60322,0,211118,131243,B,463,000000,000000000,D,,00,00,03,,NERFT
20,,272039160030160,358360106327270,1,1,1,91123456789,0,11,,,,,,,4477810000,01021,61172,0,211118,131244,B,65,000000,000000003,D,,03,00,00,,GBRGT
30,,272039160030160,353169101417200,1,1,1,353851234567,0,11,,,,,,,2377000000,01021,63391,0,211118,131245,B,841,000000,000000000,D,,00,00,03,,CMRMT
30,,272039160030160,358558821119860,1,1,1,3312345678,0,11,,,,,,,2547220000,01021,51269,0,211118,131246,B,249,000000,000000000,D,,00,00,03,,KENSA
30,,272039160030160,356163111681890,1,1,1,112345678900,0,11,,,,,,,9198310000,31150,60322,0,211118,131247,B,852,000000,000000000,D,,00,00,03,,INDA5
20,,272039160030160,354127113753370,1,1,1,12345678900,0,11,,,,,,,9472000000,01021,48885,0,211118,131248,B,327,000000,000000003,D,,03,00,00,,LKACT
30,,272039160030160,358685098519620,1,1,1,86123456789,0,11,,,,,,,6013000000,01061,32397,0,211118,131249,B,1011,000000,000000000,D,,00,00,03,,MYSCC
20,,272039160030160,359708824377160,1,1,1,61123456789,0,11,,,,,,,4478700000,01061,13661,0,211118,131250,B,1129,000000,000000085,D,,03,00,00,,GBROR
30,,272039160030160,353467110855550,1,1,1,61123456789,0,11,,,,,,,9656000000,01021,51269,0,211118,131251,B,503,000000,000000000,D,,00,00,03,,KWTNM
30,,272039160030160,354127113753370,1,1,1,3312345678,0,11,,,,,,,9472000000,31121,63103,0,211118,131252,B,748,000000,000000000,D,,00,00,03,,LKACT
20,,272039160030160,358685098519620,1,1,1,61123456789,0,11,,,,,,,9190850000,01061,32397,0,211118,131253,B,114,000000,000000169,D,,03,00,00,,INDAM
20,,272039160030160,356163111681890,1,1,1,86123456789,0,11,,,,,,,9198370000,10131,32643,0,211118,131254,B,253,000000,000000028,D,,03,00,00,,INDEU
20,,272039160030160,356163111681890,1,1,1,237123456789,0,11,,,,,,,2136600000,10131,32643,0,211118,131255,B,1110,000000,000000023,D,,03,00,00,,DZAA1
20,,272039160030160,354127113753370,1,1,1,86123456789,0,11,,,,,,,1587580000,31121,63103,0,211118,131256,B,582,000000,000000023,D,,03,00,00,,CANTS
30,,272039160030160,356163111681890,1,1,1,20123456789,0,11,,,,,,,3361100000,10131,32643,0,211118,131257,B,117,000000,000000000,D,,00,00,03,,FRAF9
20,,272039160030160,359708824377160,1,1,1,20123456789,0,11,,,,,,,2206000000,01061,14154,0,211118,131258,B,724,000000,000000061,D,,03,00,00,,GMBCM
30,,272039160030160,356163111681890,1,1,1,3312345678,0,11,,,,,,,2547220000,10131,32643,0,211118,131259,B,630,000000,000000000,D,,00,00,03,,KENSA
20,,272039160030160,867495039412500,1,1,1,12345678900,0,11,,,,,,,9198970000,00320,55461,0,211118,131300,B,65,000000,000000031,D,,03,00,00,,INDA6
30,,272039160030160,356163111681890,1,1,1,91123456789,0,11,,,,,,,3859100000,10131,32643,0,211118,131301,B,560,000000,000000000,D,,00,00,03,,HRVVI
20,,272039160030160,867559036501640,1,1,1,222123456789,0,11,,,,,,,9477000000,00330,60211,0,211118,131302,B,782,000000,000000257,D,,03,00,00,,LKADG
20,,272039160030160,356928101540340,1,1,1,3412345678,0,11,,,,,,,5119500000,31150,65019,0,211118,131303,B,786,000000,000000034,D,,03,00,00,,PERMO
30,,272039160030160,358360106327270,1,1,1,3312345678,0,11,,,,,,,9190310000,01021,61172,0,211118,131304,B,556,000000,000000000,D,,00,00,03,,INDTB
30,,272039160030160,867495039412500,1,1,1,20123456789,0,11,,,,,,,3366000000,01041,54620,0,211118,131305,B,530,000000,000000000,D,,00,00,03,,FRAF3
20,,272039160030160,867495039412500,1,1,1,353851234567,0,11,,,,,,,5561810000,01041,54499,0,211118,131306,B,811,000000,000000050,D,,03,00,00,,BRACS
20,,272039160030160,357771574865450,1,1,1,353851234567,0,11,,,,,,,9190340000,30140,41892,0,211118,131307,B,960,000000,000000583,D,,03,00,00,,INDTH
30,,272039160030160,356928101540340,1,1,1,47123456789,0,11,,,,,,,9197020000,31150,65019,0,211118,131308,B,130,000000,000000000,D,,00,00,03,,INDIM
20,,272039160030160,358685098519620,1,1,1,112345678900,0,11,,,,,,,3859200000,01061,34436,0,211118,131309,B,326,000000,000000035,D,,03,00,00,,HRVVI
20,,272039160030160,352859309933310,1,1,1,12345678900,0,11,,,,,,,9725200000,31150,65019,0,211118,131310,B,36,000000,000000001,D,,03,00,00,,ISRCL
20,,272039160030160,352859309933310,1,1,1,237123456789,0,11,,,,,,,5731600000,31150,65019,0,211118,131311,B,503,000000,000000000,D,,03,00,00,,COLTM
30,,272039160030160,867495039412500,1,1,1,3412345678,0,11,,,,,,,6427000000,01041,54085,0,211118,131312,B,897,000000,000000000,D,,00,00,03,,NZLNH
20,,272039160030160,356163111681890,1,1,1,112345678900,0,11,,,,,,,1876000000,10131,32641,0,211118,131313,B,1041,000000,000000034,D,,03,00,00,,JAMDC
30,,272039160030160,359458685424380,1,1,1,3412345678,0,11,,,,,,,2136600000,11104,16493,0,211118,131314,B,1031,000000,000000000,D,,00,00,03,,DZAA1
30,,272039160030160,356392107931160,1,1,1,112345678900,0,11,,,,,,,9198820000,31150,65019,0,211118,131315,B,271,000000,000000000,D,,00,00,03,,INDIH
30,,272039160030160,356392107931160,1,1,1,61123456789,0,11,,,,,,,3567700000,01061,23974,0,211118,131316,B,211,000000,000000000,D,,00,00,03,,MLTMM
30,,272039160030160,358685098519620,1,1,1,47123456789,0,11,,,,,,,1876000000,01061,14155,0,211118,131317,B,90,000000,000000000,D,,00,00,03,,JAMDC
20,,272039160030160,354127113753370,1,1,1,112345678900,0,11,,,,,,,5511850000,31121,63103,0,211118,131318,B,41,000000,000000149,D,,03,00,00,,BRASP
30,,272039160030160,359708824377160,1,1,1,3312345678,0,11,,,,,,,4916000000,31150,65019,0,211118,131319,B,392,000000,000000000,D,,00,00,03,,DEUD1
30,,272039160030160,867495039412500,1,1,1,47123456789,0,11,,,,,,,5585900000,01041,54508,0,211118,131320,B,136,000000,000000000,D,,00,00,03,,BRARN
20,,272039160030160,356392107931160,1,1,1,3412345678,0,11,,,,,,,1876000000,31150,65019,0,211118,131321,B,637,000000,000000001,D,,03,00,00,,JAMDC
20,,272039160030160,356392107931160,1,1,1,222123456789,0,11,,,,,,,9945500000,01061,23974,0,211118,131322,B,46,000000,000000018,D,,03,00,00,,AZEBC
20,,272039160030160,359042089706940,1,1,1,47123456789,0,11,,,,,,,5531900000,01021,37100,0,211118,131323,B,532,000000,000000044,D,,03,00,00,,BRACS
30,,272039160030160,352859309933310,1,1,1,86123456789,0,11,,,,,,,1587580000,31150,65019,0,211118,131324,B,1159,000000,000000000,D,,00,00,03,,CANTS
20,,272039160030160,356392107931160,1,1,1,353851234567,0,11,,,,,,,9198240000,01061,23974,0,211118,131325,B,141,000000,000000000,D,,03,00,00,,INDBI
20,,272039160030160,356392107931160,1,1,1,91123456789,0,11,,,,,,,3460700000,01061,23974,0,211118,131326,B,623,000000,000000044,D,,03,00,00,,ESPVV
20,,272039160030160,358685098519620,1,1,1,20123456789,0,11,,,,,,,2250500000,01061,20891,0,211118,131327,B,66,000000,000000784,D,,03,00,00,,CIVTL
20,,272039160030160,354568110787440,1,1,1,61123456789,0,11,,,,,,,9190410000,01041,12430,0,211118,131328,B,389,000000,000000021,D,,03,00,00,,INDTP
30,,272039160030160,359042089706940,1,1,1,222123456789,0,11,,,,,,,3749300000,01021,37112,0,211118,131329,B,1179,000000,000000000,D,,00,00,03,,ARM05
20,,272039160030160,356082095755020,1,1,1,222123456789,0,11,,,,,,,1876000000,01021,51269,0,211118,131330,B,959,000000,000000001,D,,03,00,00,,JAMDC
30,,272039160030160,356082095755020,1,1,1,222123456789,0,11,,,,,,,3556600000,01021,51269,0,211118,131331,B,709,000000,000000000,D,,00,00,03,,ALBM4
20,,272039160030160,354568110787440,1,1,1,86123456789,0,11,,,,,,,5541990000,01041,13459,0,211118,131332,B,714,000000,000000088,D,,03,00,00,,BRACS
20,,272039160030160,356392107931160,1,1,1,353851234567,0,11,,,,,,,2332600000,01061,23974,0,211118,131333,B,217,000000,000000039,D,,03,00,00,,GHAZN
30,,272039160030160,353773291476030,1,1,1,86123456789,0,11,,,,,,,1869660000,31150,65019,0,211118,131334,B,762,000000,000000000,D,,00,00,03,,KNACW
20,,272039160030160,350396265316870,1,1,1,47123456789,0,11,,,,,,,3465600000,01021,38113,0,211118,131335,B,90,000000,000000002,D,,03,00,00,,ESPRT
20,,272039160030160,358558821119860,1,1,1,47123456789,0,11,,,,,,,3725500000,31121,61248,0,211118,131336,B,1181,000000,000000025,D,,03,00,00,,ESTRB
20,,272039160030160,350396265316870,1,1,1,353851234567,0,11,,,,,,,5598800000,01021,37116,0,211118,131337,B,642,000000,000000093,D,,03,00,00,,BRASP
30,,272039160030160,354568110787440,1,1,1,86123456789,0,11,,,,,,,9947000000,01041,13459,0,211118,131338,B,210,000000,000000000,D,,00,00,03,,AZEAF
20,,272039160030160,869341056207590,1,1,1,86123456789,0,11,,,,,,,9182200000,31150,65019,0,211118,131339,B,1119,000000,000000034,D,,03,00,00,,INDBO
30,,272039160030160,358685098519620,1,1,1,3412345678,0,11,,,,,,,3933500000,31150,65019,0,211118,131340,B,100,000000,000000000,D,,00,00,03,,ITASI
20,,272039160030160,353773291476030,1,1,1,353851234567,0,11,,,,,,,3826700000,31150,65019,0,211118,131341,B,389,000000,000000015,D,,03,00,00,,MNETM
20,,272039160030160,869341056207590,1,1,1,237123456789,0,11,,,,,,,1438580000,01061,14154,0,211118,131342,B,249,000000,000000057,D,,03,00,00,,CANTE
20,,272039160030160,359316108892530,1,1,1,222123456789,0,11,,,,,,,9231000000,00360,56852,0,211118,131343,B,43,000000,000000004,D,,03,00,00,,PAKPL
20,,272039160030160,865885048992030,1,1,1,3412345678,0,11,,,,,,,3598800000,00390,44023,0,211118,131344,B,1116,000000,000000079,D,,03,00,00,,BGR01
20,,272039160030160,356163111681890,1,1,1,61123456789,0,11,,,,,,,2402000000,10131,32643,0,211118,131345,B,742,000000,000000012,D,,03,00,00,,GNQ01
20,,272039160030160,356580107936460,1,1,1,61123456789,0,11,,,,,,,9715000000,00350,40592,0,211118,131346,B,190,000000,000000002,D,,03,00,00,,ARETC
20,,272039160030160,354141338896330,1,1,1,91123456789,0,11,,,,,,,9194300000,01071,34156,0,211118,131347,B,633,000000,000000086,D,,03,00,00,,INDWB
30,,272039160030160,865885048992030,1,1,1,61123456789,0,11,,,,,,,8801700000,00390,44023,0,211118,131348,B,214,000000,000000000,D,,00,00,03,,BGDGP
20,,272039160030160,353169101417200,1,1,1,3312345678,0,11,,,,,,,9198450000,01021,63391,0,211118,131349,B,93,000000,000000000,D,,03,00,00,,INDJB
20,,272039160030160,353169101417200,1,1,1,91123456789,0,11,,,,,,,1829300000,01021,63391,0,211118,131350,B,855,000000,000000000,D,,03,00,00,,DOMAC
30,,272039160030160,358558821119860,1,1,1,5212345678,0,11,,,,,,,5063000000,31121,61248,0,211118,131351,B,8,000000,000000000,D,,00,00,03,,CRICR
20,,272039160030160,867129030789020,1,1,1,3412345678,0,11,,,,,,,3569400000,00350,46292,0,211118,131352,B,24,000000,000000002,D,,03,00,00,,MLTTL
20,,272039160030160,865885048992030,1,1,1,3312345678,0,11,,,,,,,8529230000,00390,44023,0,211118,131353,B,264,000000,000000014,D,,03,00,00,,HKGM3
20,,272039160030160,351779112673880,1,1,1,5212345678,0,11,,,,,,,1403400000,01091,56678,0,211118,131354,B,1048,000000,000000001,D,,03,00,00,,CANBM
30,,272039160030160,353169101417200,1,1,1,237123456789,0,11,,,,,,,8551600000,31121,48303,0,211118,131355,B,623,000000,000000000,D,,00,00,03,,KHMSM
20,,272039160030160,865885048992030,1,1,1,91123456789,0,11,,,,,,,5500400000,00390,53421,0,211118,131356,B,714,000000,000000005,D,,03,00,00,,BRACS
30,,272039160030160,353169101417200,1,1,1,3412345678,0,11,,,,,,,9197820000,01021,63391,0,211118,131357,B,808,000000,000000000,D,,00,00,03,,IND26
20,,272039160030160,359042089706940,1,1,1,20123456789,0,11,,,,,,,1587580000,01021,37112,0,211118,131358,B,968,000000,000000048,D,,03,00,00,,CANTS
30,,272039160030160,358558821119860,1,1,1,12345678900,0,11,,,,,,,4366400000,31121,61248,0,211118,131359,B,933,000000,000000000,D,,00,00,03,,AUTMK
20,,272039160030160,865885048992030,1,1,1,47123456789,0,11,,,,,,,3712920000,00390,44023,0,211118,131400,B,409,000000,000000195,D,,03,00,00,,LVALM
20,,272039160030160,358558821119860,1,1,1,12345678900,0,11,,,,,,,9198470000,31121,61248,0,211118,131401,B,1006,000000,000000006,D,,03,00,00,,INDEK
30,,272039160030160,353773291476030,1,1,1,353851234567,0,11,,,,,,,9198240000,31150,65019,0,211118,131402,B,535,000000,000000000,D,,00,00,03,,INDBI
20,,272039160030160,357771574865450,1,1,1,112345678900,0,11,,,,,,,4917600000,00340,53431,0,211118,131403,B,736,000000,000000011,D,,03,00,00,,DEUO2
20,,272039160030160,358558821119860,1,1,1,3412345678,0,11,,,,,,,1809850000,01021,51277,0,211118,131404,B,179,000000,000000022,D,,03,00,00,,DOM01
30,,272039160030160,869341056207590,1,1,1,91123456789,0,11,,,,,,,9198450000,31150,65019,0,211118,131405,B,100,000000,000000000,D,,00,00,03,,INDJB
30,,272039160030160,356163111681890,1,1,1,222123456789,0,11,,,,,,,3584100000,31150,60322,0,211118,131406,B,191,000000,000000000,D,,00,00,03,,FINTA
30,,272039160030160,356928101540340,1,1,1,91123456789,0,11,,,,,,,9198370000,31150,65019,0,211118,131407,B,373,000000,000000000,D,,00,00,03,,INDEU
20,,272039160030160,358558821119860,1,1,1,91123456789,0,11,,,,,,,3520210000,01021,13305,0,211118,131408,B,1016,000000,000000019,D,,03,00,00,,LUXPT
20,,272039160030160,358685098519620,1,1,1,86123456789,0,11,,,,,,,1876000000,31150,65019,0,211118,131409,B,1120,000000,000000003,D,,03,00,00,,JAMDC
20,,272039160030160,869341056207590,1,1,1,12345678900,0,11,,,,,,,9198900000,31150,65019,0,211118,131410,B,817,000000,000000002,D,,03,00,00,,INDMT
30,,272039160030160,354127113753370,1,1,1,222123456789,0,11,,,,,,,3366000000,31121,61261,0,211118,131411,B,734,000000,000000000,D,,00,00,03,,FRAF3
20,,272039160030160,356928101540340,1,1,1,237123456789,0,11,,,,,,,3598900000,31150,65019,0,211118,131412,B,1089,000000,000000027,D,,03,00,00,,BGRCM
20,,272039160030160,867129030789020,1,1,1,20123456789,0,11,,,,,,,1809850000,00340,45752,0,211118,131413,B,224,000000,000000002,D,,03,00,00,,DOM01
20,,272039160030160,869341056207590,1,1,1,91123456789,0,11,,,,,,,2206000000,01061,20897,0,211118,131414,B,701,000000,000000003,D,,03,00,00,,GMBCM
20,,272039160030160,357367094292350,1,1,1,91123456789,0,11,,,,,,,2499100000,00360,46322,0,211118,131415,B,513,000000,000000002,D,,03,00,00,,JORFL
20,,272039160030160,359847106259470,1,1,1,47123456789,0,11,,,,,,,5511840000,31121,61248,0,211118,131416,B,161,000000,000000033,D,,03,00,00,,BRASP
30,,272039160030160,867129030789020,1,1,1,61123456789,0,11,,,,,,,3069900000,00340,45751,0,211118,131417,B,104,000000,000000000,D,,00,00,03,,GRCQT
20,,272039160030160,352859309933310,1,1,1,353851234567,0,11,,,,,,,9198240000,31150,65019,0,211118,131418,B,638,000000,000000018,D,,03,00,00,,INDBI
20,,272039160030160,865885048992030,1,1,1,91123456789,0,11,,,,,,,3630000000,00390,63732,0,211118,131419,B,694,000000,000000833,D,,03,00,00,,HUNH2
20,,272039160030160,869341056207590,1,1,1,112345678900,0,11,,,,,,,5548990000,31150,60211,0,211118,131420,B,1199,000000,000000002,D,,03,00,00,,BRACS
30,,272039160030160,869341056207590,1,1,1,47123456789,0,11,,,,,,,9198430000,31150,60211,0,211118,131421,B,408,000000,000000000,D,,00,00,03,,INDCC
30,,272039160030160,354568110787440,1,1,1,12345678900,0,11,,,,,,,3876100000,01041,12430,0,211118,131422,B,867,000000,000000000,D,,00,00,03,,BIHPT
20,,272039160030160,869341056207590,1,1,1,3312345678,0,11,,,,,,,3546500000,31150,60211,0,211118,131423,B,1112,000000,000000024,D,,03,00,00,,ISLVW
30,,272039160030160,865885048992030,1,1,1,12345678900,0,11,,,,,,,3859800000,00390,63732,0,211118,131424,B,922,000000,000000000,D,,00,00,03,,HRVCN
30,,272039160030160,358685098519620,1,1,1,47123456789,0,11,,,,,,,8801700000,31150,65019,0,211118,131425,B,812,000000,000000000,D,,00,00,03,,BGDGP
30,,272039160030160,353169101417200,1,1,1,3312345678,0,11,,,,,,,3569941046,01021,63391,0,211118,131426,B,1023,000000,000000000,D,,00,00,03,,MLTMA
20,,272039160030160,867495039412500,1,1,1,3412345678,0,11,,,,,,,2332700000,01032,43718,0,211118,131427,B,92,000000,000000527,D,,03,00,00,,GHAMT
20,,272039160030160,359144077540030,1,1,1,3312345678,0,11,,,,,,,3584510000,00380,63462,0,211118,131428,B,731,000000,000000001,D,,03,00,00,,FINRL
30,,272039160030160,357771574865450,1,1,1,61123456789,0,11,,,,,,,1902710000,00340,43023,0,211118,131429,B,1123,000000,000000000,D,,00,00,03,,CANBM
20,,272039160030160,358558821119860,1,1,1,237123456789,0,11,,,,,,,5501600000,31121,61248,0,211118,131430,B,792,000000,000000001,D,,03,00,00,,BRABT
30,,272039160030160,358558821119860,1,1,1,222123456789,0,11,,,,,,,5500300000,31121,61248,0,211118,131431,B,286,000000,000000000,D,,00,00,03,,BRASP
30,,272039160030160,354568110787440,1,1,1,353851234567,0,11,,,,,,,4206020000,01041,13459,0,211118,131432,B,162,000000,000000000,D,,00,00,03,,CZEET
30,,272039160030160,350153274303290,1,1,1,222123456789,0,11,,,,,,,3520210000,01021,63395,0,211118,131433,B,374,000000,000000000,D,,00,00,03,,LUXPT
20,,272039160030160,358685098519620,1,1,1,91123456789,0,11,,,,,,,5501100000,01061,32397,0,211118,131434,B,33,000000,000000177,D,,03,00,00,,BRAV3
30,,272039160030160,359708824377160,1,1,1,47123456789,0,11,,,,,,,3752970000,31150,60211,0,211118,131435,B,188,000000,000000000,D,,00,00,03,,BLR02
20,,272039160030160,358558821119860,1,1,1,353851234567,0,11,,,,,,,8615600000,31121,61248,0,211118,131436,B,1017,000000,000000010,D,,03,00,00,,CHNCU
20,,272039160030160,352859309933310,1,1,1,353851234567,0,11,,,,,,,5255122300,31150,65019,0,211118,131437,B,922,000000,000000032,D,,03,00,00,,MEXMS
20,,272039160030160,352859309933310,1,1,1,61123456789,0,11,,,,,,,9947000000,31150,65019,0,211118,131438,B,323,000000,000000011,D,,03,00,00,,AZEAF
20,,272039160030160,358558821119860,1,1,1,237123456789,0,11,,,,,,,4479580000,31121,61248,0,211118,131439,B,500,000000,000000037,D,,03,00,00,,GBRME
20,,272039160030160,357962107799200,1,1,1,61123456789,0,11,,,,,,,5521800000,31150,65019,0,211118,131440,B,967,000000,000000020,D,,03,00,00,,BRACS
30,,272039160030160,865885048992030,1,1,1,3312345678,0,11,,,,,,,9198900000,00390,44023,0,211118,131441,B,235,000000,000000000,D,,00,00,03,,INDMT
20,,272039160030160,352859309933310,1,1,1,20123456789,0,11,,,,,,,3774000000,31150,65019,0,211118,131442,B,931,000000,000000036,D,,03,00,00,,MCOM2
30,,272039160030160,869341056207590,1,1,1,222123456789,0,11,,,,,,,1809850000,31150,65019,0,211118,131443,B,685,000000,000000000,D,,00,00,03,,DOM01
20,,272039160030160,358685098519620,1,1,1,222123456789,0,11,,,,,,,2010000000,01061,32397,0,211118,131444,B,814,000000,000000008,D,,03,00,00,,EGYMS
30,,272039160030160,865885048992030,1,1,1,91123456789,0,11,,,,,,,4178000000,00390,44023,0,211118,131445,B,234,000000,000000000,D,,00,00,03,,CHEOR
20,,272039160030160,352859309933310,1,1,1,86123456789,0,11,,,,,,,9198160000,31150,65019,0,211118,131446,B,397,000000,000000010,D,,03,00,00,,INDBL
20,,272039160030160,358685098519620,1,1,1,91123456789,0,11,,,,,,,9190390000,01061,32397,0,211118,131447,B,645,000000,000000388,D,,03,00,00,,INDT5
30,,272039160030160,358558821119860,1,1,1,47123456789,0,11,,,,,,,4792000000,01021,51269,0,211118,131448,B,808,000000,000000000,D,,00,00,03,,NORNC
30,,272039160030160,356928101540340,1,1,1,47123456789,0,11,,,,,,,3556900000,31150,65019,0,211118,131449,B,234,000000,000000000,D,,00,00,03,,ALBVF
20,,272039160030160,353467110855550,1,1,1,91123456789,0,11,,,,,,,4478228000,31121,61248,0,211118,131450,B,667,000000,000000010,D,,03,00,00,,GBRCA
30,,272039160030160,359847106259470,1,1,1,222123456789,0,11,,,,,,,1809850000,31121,61248,0,211118,131451,B,687,000000,000000000,D,,00,00,03,,DOM01
20,,272039160030160,353019117623700,1,1,1,61123456789,0,11,,,,,,,9188700000,01021,49168,0,211118,131452,B,351,000000,000000084,D,,03,00,00,,INDIR
20,,272039160030160,358685098519620,1,1,1,353851234567,0,11,,,,,,,9198310000,31150,65019,0,211118,131453,B,1060,000000,000000012,D,,03,00,00,,INDMT
30,,272039160030160,356928101540340,1,1,1,3412345678,0,11,,,,,,,3916200000,01061,23974,0,211118,131454,B,399,000000,000000000,D,,00,00,03,,ITAH3
30,,272039160030160,863024051299230,1,1,1,12345678900,0,11,,,,,,,5917000000,01032,27445,0,211118,131455,B,1088,000000,000000000,D,,00,00,03,,BOLNT
30,,272039160030160,356082095755020,1,1,1,47123456789,0,11,,,,,,,6143000000,01021,51269,0,211118,131456,B,610,000000,000000000,D,,00,00,03,,AUSHU
20,,272039160030160,357367094292350,1,1,1,20123456789,0,11,,,,,,,9198220000,00360,51471,0,211118,131457,B,589,000000,000000002,D,,03,00,00,,INDBM
30,,272039160030160,865885048992030,1,1,1,5212345678,0,11,,,,,,,1876000000,00390,53421,0,211118,131458,B,713,000000,000000000,D,,00,00,03,,JAMDC
20,,272039160030160,357879820234670,1,1,1,47123456789,0,11,,,,,,,3569900000,01061,23974,0,211118,131459,B,575,000000,000000049,D,,03,00,00,,MLTTL
20,,272039160030160,865885048992030,1,1,1,3412345678,0,11,,,,,,,4917200000,00390,53421,0,211118,131500,B,551,000000,000000027,D,,03,00,00,,DEUD2
20,,272039160030160,865885048992030,1,1,1,3412345678,0,11,,,,,,,5939950000,00390,53421,0,211118,131501,B,190,000000,000000001,D,,03,00,00,,ECUOT
20,,272039160030160,865885048992030,1,1,1,353851234567,0,11,,,,,,,3556600000,00390,53421,0,211118,131502,B,858,000000,000000001,D,,03,00,00,,ALBM4
20,,272039160030160,865885048992030,1,1,1,353851234567,0,11,,,,,,,3505800000,00390,47882,0,211118,131503,B,59,000000,000000001,D,,03,00,00,,GIBGT
20,,272039160030160,354568110787440,1,1,1,20123456789,0,11,,,,,,,5294200000,01051,10400,0,211118,131504,B,436,000000,000000019,D,,03,00,00,,MEXMS
20,,272039160030160,353773291476030,1,1,1,20123456789,0,11,,,,,,,4237800000,01061,23974,0,211118,131505,B,548,000000,000000017,D,,03,00,00,,LIEVE
20,,272039160030160,353773291476030,1,1,1,91123456789,0,11,,,,,,,3585000000,31150,65019,0,211118,131506,B,304,000000,000000005,D,,03,00,00,,FINRL
20,,272039160030160,865885048992030,1,1,1,112345678900,0,11,,,,,,,9198490000,00390,53421,0,211118,131507,B,472,000000,000000198,D,,03,00,00,,INDJH
30,,272039160030160,354568110787440,1,1,1,112345678900,0,11,,,,,,,1876000000,31101,51391,0,211118,131508,B,790,000000,000000000,D,,00,00,03,,JAMDC
20,,272039160030160,356082095755020,1,1,1,47123456789,0,11,,,,,,,9198980000,01021,51553,0,211118,131509,B,693,000000,000000045,D,,03,00,00,,INDA3
20,,272039160030160,356082095755020,1,1,1,86123456789,0,11,,,,,,,4366000000,01021,51553,0,211118,131510,B,603,000000,000000060,D,,03,00,00,,AUTHU
20,,272039160030160,356082095755020,1,1,1,12345678900,0,11,,,,,,,4207330000,01021,51553,0,211118,131511,B,1113,000000,000000119,D,,03,00,00,,CZERM
30,,272039160030160,865885048992030,1,1,1,20123456789,0,11,,,,,,,9197820000,00390,53421,0,211118,131512,B,402,000000,000000000,D,,00,00,03,,IND26
20,,272039160030160,865885048992030,1,1,1,112345678900,0,11,,,,,,,3598900000,00390,53421,0,211118,131513,B,415,000000,000000323,D,,03,00,00,,BGRCM
30,,272039160030160,356163111681890,1,1,1,12345678900,0,11,,,,,,,9198910000,01061,63581,0,211118,131514,B,92,000000,000000000,D,,00,00,03,,INDID
20,,272039160030160,356163111681890,1,1,1,3312345678,0,11,,,,,,,3706990000,01061,63997,0,211118,131515,B,4,000000,000000009,D,,03,00,00,,LTUMT
30,,272039160030160,867129030789020,1,1,1,237123456789,0,11,,,,,,,3630000000,00340,45751,0,211118,131516,B,42,000000,000000000,D,,00,00,03,,HUNH2
30,,272039160030160,353467110855550,1,1,1,353851234567,0,11,,,,,,,1438580000,01021,37054,0,211118,131517,B,690,000000,000000000,D,,00,00,03,,CANTE
30,,272039160030160,356392107931160,1,1,1,3412345678,0,11,,,,,,,9190450000,01061,23974,0,211118,131518,B,723,000000,000000000,D,,00,00,03,,INDT8
30,,272039160030160,356163111681890,1,1,1,237123456789,0,11,,,,,,,3099000000,01061,64793,0,211118,131519,B,628,000000,000000000,D,,00,00,03,,GRCQT
30,,272039160030160,359125101327230,1,1,1,112345678900,0,11,,,,,,,8829800000,00350,50632,0,211118,131520,B,478,000000,000000000,D,,00,00,03,,CHEOA
30,,272039160030160,351328117236330,1,1,1,12345678900,0,11,,,,,,,4917100000,01021,35598,0,211118,131521,B,446,000000,000000000,D,,00,00,03,,DEUD1
20,,272039160030160,352711095912070,1,1,1,12345678900,0,11,,,,,,,1647210000,00350,47962,0,211118,131522,B,401,000000,000000002,D,,03,00,00,,CANTS
20,,272039160030160,352711095912070,1,1,1,3312345678,0,11,,,,,,,3630000000,00350,47962,0,211118,131523,B,591,000000,000000002,D,,03,00,00,,HUNH2
20,,272039160030160,358558821119860,1,1,1,222123456789,0,11,,,,,,,3548900000,01021,61172,0,211118,131524,B,910,000000,000000000,D,,03,00,00,,ISLPS
20,,272039160030160,866957039310790,1,1,1,112345678900,0,11,,,,,,,9959900000,01071,31755,0,211118,131525,B,54,000000,000000173,D,,03,00,00,,GEOMA
20,,272039160030160,352711095912070,1,1,1,3312345678,0,11,,,,,,,3360900000,00350,41643,0,211118,131526,B,11,000000,000000019,D,,03,00,00,,FRAF2
30,,272039160030160,351328117236330,1,1,1,5212345678,0,11,,,,,,,9190390000,01021,35598,0,211118,131527,B,752,000000,000000000,D,,00,00,03,,INDT5
30,,272039160030160,358685098519620,1,1,1,47123456789,0,11,,,,,,,3462200000,01061,32397,0,211118,131528,B,764,000000,000000000,D,,00,00,03,,ESPXF
20,,272039160030160,354127113753370,1,1,1,91123456789,0,11,,,,,,,5547990000,01021,63410,0,211118,131529,B,650,000000,000000268,D,,03,00,00,,BRACS
30,,272039160030160,865885048992030,1,1,1,47123456789,0,11,,,,,,,3520910000,00390,63732,0,211118,131530,B,881,000000,000000000,D,,00,00,03,,LUXTG
30,,272039160030160,359708824377160,1,1,1,47123456789,0,11,,,,,,,4206080000,01061,26444,0,211118,131531,B,497,000000,000000000,D,,00,00,03,,CZECM
20,,272039160030160,869341056207590,1,1,1,222123456789,0,11,,,,,,,9370000000,01061,32246,0,211118,131532,B,709,000000,000000242,D,,03,00,00,,AFGAW
30,,272039160030160,351328117237800,1,1,1,20123456789,0,11,,,,,,,4477820000,31122,61024,0,211118,131533,B,782,000000,000000000,D,,00,00,03,,GBRHU
30,,272039160030160,358360106327270,1,1,1,47123456789,0,11,,,,,,,5582900000,01021,61172,0,211118,131534,B,445,000000,000000000,D,,00,00,03,,BRARN
30,,272039160030160,356562086099770,1,1,1,86123456789,0,11,,,,,,,3469700000,01061,24585,0,211118,131535,B,722,000000,000000000,D,,00,00,03,,ESPAT
30,,272039160030160,351328117237800,1,1,1,3312345678,0,11,,,,,,,3569941046,01021,25673,0,211118,131536,B,1048,000000,000000000,D,,00,00,03,,MLTMA
30,,272039160030160,353467110855550,1,1,1,5212345678,0,11,,,,,,,3366200000,01021,61628,0,211118,131537,B,385,000000,000000000,D,,00,00,03,,FRAF3
30,,272039160030160,353552681993170,1,1,1,3312345678,0,11,,,,,,,3933500000,01021,61224,0,211118,131538,B,74,000000,000000000,D,,00,00,03,,ITASI
20,,272039160030160,359042089706940,1,1,1,112345678900,0,11,,,,,,,8613000000,01021,37143,0,211118,131539,B,118,000000,000000000,D,,03,00,00,,CHNCU
20,,272039160030160,356562086099770,1,1,1,3312345678,0,11,,,,,,,4477970000,01061,23974,0,211118,131540,B,829,000000,000000004,D,,03,00,00,,GBRJT
20,,272039160030160,356562086099770,1,1,1,91123456789,0,11,,,,,,,5119500000,31150,65019,0,211118,131541,B,912,000000,000000003,D,,03,00,00,,PERMO
20,,272039160030160,356928101540340,1,1,1,47123456789,0,11,,,,,,,3585000000,01061,23239,0,211118,131542,B,729,000000,000000018,D,,03,00,00,,FINRL
90,SWEEP,IRLME,07466,215,211116052720,+0100,211118043148,+0100,8.54114,,