10,SWEEP,IRLME,07466,Y,00000000000000000000000000000000,,211118,211118,211118050158,+0100,02,,,02,050158,353,,
12,B,1213761
14,B,+0100
30,,272039160030160,358360106327270,1,1,1,20123456789,0,11,,,,,,,5048900000,31121,51022,0,211118,131139,B,1074,000000,000000000,D,,00,00,03,,HNDDC
30,,272039160030160,353467110855550,1,1,1,353851234567,0,11,,,,,,,3093000000,31121,61248,0,211118,131140,B,1158,000000,000000000,D,,00,00,03,,GRCSH
30,,272039160030160,351826111859880,1,1,1,3412345678,0,11,,,,,,,5562810000,01051,10364,0,211118,131141,B,776,000000,000000000,D,,00,00,03,,BRACS
20,,272039160030160,352859309933310,1,1,1,3312345678,0,11,,,,,,,2206000000,31150,65019,0,211118,131142,B,89,000000,000000001,D,,03,00,00,,GMBCM
20,,272039160030160,352859309933310,1,1,1,237123456789,0,11,,,,,,,5043900000,31150,65019,0,211118,131143,B,145,000000,000000001,D,,03,00,00,,HNDME
30,,272039160030160,352859309933310,1,1,1,3312345678,0,11,,,,,,,3876100000,31150,65019,0,211118,131144,B,1091,000000,000000000,D,,00,00,03,,BIHPT
30,,272039160030160,351826111859880,1,1,1,86123456789,0,11,,,,,,,9198900000,01051,10380,0,211118,131145,B,511,000000,000000000,D,,00,00,03,,INDMT
30,,272039160030160,350153274303290,1,1,1,3412345678,0,11,,,,,,,4207790000,01021,63396,0,211118,131146,B,464,000000,000000000,D,,00,00,03,,CZECM
20,,272039160030160,359847106259470,1,1,1,353851234567,0,11,,,,,,,8210291000,31121,61248,0,211118,131147,B,1183,000000,000000002,D,,03,00,00,,KORKF
30,,272039160030160,359847106259470,1,1,1,222123456789,0,11,,,,,,,3584510000,31121,61248,0,211118,131148,B,465,000000,000000000,D,,00,00,03,,FINRL
20,,272039160030160,356928101540340,1,1,1,20123456789,0,11,,,,,,,1587580000,01061,14154,0,211118,131149,B,909,000000,000000026,D,,03,00,00,,CANTS
30,,272039160030160,356928101540340,1,1,1,237123456789,0,11,,,,,,,6016000000,01061,14154,0,211118,131150,B,324,000000,000000000,D,,00,00,03,,MYSMR
20,,272039160030160,358360106327270,1,1,1,3412345678,0,11,,,,,,,3069400000,31121,48353,0,211118,131151,B,368,000000,000000036,D,,03,00,00,,GRCPF
20,,272039160030160,353467110855550,1,1,1,353851234567,0,11,,,,,,,9190430000,01021,51269,0,211118,131152,B,621,000000,000000009,D,,03,00,00,,INDT2
20,,272039160030160,358360106327270,1,1,1,47123456789,0,11,,,,,,,5066000000,01021,60668,0,211118,131153,B,1,000000,000000049,D,,03,00,00,,CRITC
20,,272039160030160,358360106327270,1,1,1,20123456789,0,11,,,,,,,9959900000,31121,48353,0,211118,131154,B,944,000000,000000023,D,,03,00,00,,GEOMA
20,,272039160030160,353467110855550,1,1,1,237123456789,0,11,,,,,,,9198310000,31121,61248,0,211118,131155,B,446,000000,000000012,D,,03,00,00,,INDA5
20,,272039160030160,356163111681890,1,1,1,20123456789,0,11,,,,,,,1809000000,31150,60321,0,211118,131156,B,810,000000,000000067,D,,03,00,00,,DOM01
20,,272039160030160,866511041354690,1,1,1,237123456789,0,11,,,,,,,6141400000,01021,51269,0,211118,131157,B,1132,000000,000000003,D,,03,00,00,,AUSVF
20,,272039160030160,356163111681890,1,1,1,5212345678,0,11,,,,,,,3598900000,31150,60321,0,211118,131158,B,34,000000,000000027,D,,03,00,00,,BGRCM
20,,272039160030160,358360106327270,1,1,1,86123456789,0,11,,,,,,,4478020000,31121,48353,0,211118,131159,B,303,000000,000000054,D,,03,00,00,,GBRCN
20,,272039160030160,356163111681890,1,1,1,5212345678,0,11,,,,,,,6797000000,10131,32641,0,211118,131200,B,235,000000,000000018,D,,03,00,00,,FJIDP
30,,272039160030160,354568110787440,1,1,1,3412345678,0,11,,,,,,,9198480000,01051,10281,0,211118,131201,B,275,000000,000000000,D,,00,00,03,,IND07
20,,272039160030160,359708824377160,1,1,1,5212345678,0,11,,,,,,,4528000000,01061,34436,0,211118,131202,B,167,000000,000000038,D,,03,00,00,,DNKIA
30,,272039160030160,356163111681890,1,1,1,3312345678,0,11,,,,,,,2613400000,31150,59013,0,211118,131203,B,340,000000,000000000,D,,00,00,03,,MDGTM
20,,272039160030160,353467110855550,1,1,1,5212345678,0,11,,,,,,,3569941046,01021,51269,0,211118,131204,B,39,000000,000000001,D,,03,00,00,,MLTMA
20,,272039160030160,352859309933310,1,1,1,20123456789,0,11,,,,,,,6797000000,01061,24265,0,211118,131205,B,596,000000,000000018,D,,03,00,00,,FJIDP
20,,272039160030160,358360106327270,1,1,1,20123456789,0,11,,,,,,,3584100000,31121,48353,0,211118,131206,B,217,000000,000000767,D,,03,00,00,,FINTA
20,,272039160030160,359042089706940,1,1,1,61123456789,0,11,,,,,,,3548900000,01021,37100,0,211118,131207,B,668,000000,000000024,D,,03,00,00,,AAMOW
30,,272039160030160,353467110855550,1,1,1,112345678900,0,11,,,,,,,4917000000,31121,61248,0,211118,131208,B,962,000000,000000000,D,,00,00,03,,DEUD1
30,,272039160030160,356928101540340,1,1,1,112345678900,0,11,,,,,,,4438500000,31150,65019,0,211118,131209,B,993,000000,000000000,D,,00,00,03,,GBRVF
20,,272039160030160,867495039412500,1,1,1,3312345678,0,11,,,,,,,6281600000,00340,57462,0,211118,131210,B,136,000000,000000037,D,,03,00,00,,IDNSL
20,,272039160030160,353169101417200,1,1,1,12345678900,0,11,,,,,,,9198300000,01021,63391,0,211118,131211,B,952,000000,000000039,D,,03,00,00,,INDCC
30,,272039160030160,353169101417200,1,1,1,3412345678,0,11,,,,,,,1809000000,01021,63391,0,211118,131212,B,228,000000,000000000,D,,00,00,03,,DOM01
20,,272039160030160,358685098519620,1,1,1,86123456789,0,11,,,,,,,9190450000,31150,65019,0,211118,131213,B,205,000000,000000031,D,,03,00,00,,INDT8
30,,272039160030160,356163111681890,1,1,1,86123456789,0,11,,,,,,,9190370000,31150,60322,0,211118,131214,B,477,000000,000000000,D,,00,00,03,,INDT3
20,,272039160030160,358360106327270,1,1,1,47123456789,0,11,,,,,,,4479530000,01021,61172,0,211118,131215,B,376,000000,000000003,D,,03,00,00,,GBRME
30,,272039160030160,353169101417200,1,1,1,61123456789,0,11,,,,,,,2126390000,01021,63391,0,211118,131216,B,449,000000,000000000,D,,00,00,03,,MARM1
30,,272039160030160,358558821119860,1,1,1,61123456789,0,11,,,,,,,2348030000,01021,51269,0,211118,131217,B,381,000000,000000000,D,,00,00,03,,NGAMN
30,,272039160030160,356163111681890,1,1,1,237123456789,0,11,,,,,,,9197080000,31150,60322,0,211118,131218,B,1064,000000,000000000,D,,00,00,03,,INDIB
20,,272039160030160,354127113753370,1,1,1,12345678900,0,11,,,,,,,3725600000,01021,48885,0,211118,131219,B,798,000000,000000003,D,,03,00,00,,ESTRE
30,,272039160030160,358685098519620,1,1,1,3412345678,0,11,,,,,,,3706990000,01061,32397,0,211118,131220,B,93,000000,000000000,D,,00,00,03,,LTUMT
20,,272039160030160,359708824377160,1,1,1,3412345678,0,11,,,,,,,2389900000,01061,13661,0,211118,131221,B,674,000000,000000085,D,,03,00,00,,CPVCV
30,,272039160030160,353467110855550,1,1,1,237123456789,0,11,,,,,,,5058100000,01021,51269,0,211118,131222,B,76,000000,000000000,D,,00,00,03,,NICMS
30,,272039160030160,354127113753370,1,1,1,222123456789,0,11,,,,,,,3620000000,31121,63103,0,211118,131223,B,246,000000,000000000,D,,00,00,03,,HUNH1
20,,272039160030160,358685098519620,1,1,1,3412345678,0,11,,,,,,,3462200000,01061,32397,0,211118,131224,B,1124,000000,000000169,D,,03,00,00,,ESPXF
20,,272039160030160,356163111681890,1,1,1,91123456789,0,11,,,,,,,9198120000,10131,32643,0,211118,131225,B,652,000000,000000028,D,,03,00,00,,INDEH
20,,272039160030160,356163111681890,1,1,1,12345678900,0,11,,,,,,,9478000000,10131,32643,0,211118,131226,B,419,000000,000000023,D,,03,00,00,,LKAHT
20,,272039160030160,354127113753370,1,1,1,3412345678,0,11,,,,,,,3469000000,31121,63103,0,211118,131227,B,240,000000,000000023,D,,03,00,00,,ESPTE
30,,272039160030160,356163111681890,1,1,1,20123456789,0,11,,,,,,,2126600000,10131,32643,0,211118,131228,B,606,000000,000000000,D,,00,00,03,,MARMT
20,,272039160030160,359708824377160,1,1,1,20123456789,0,11,,,,,,,9190440000,01061,14154,0,211118,131229,B,737,000000,000000061,D,,03,00,00,,INDT7
30,,272039160030160,356163111681890,1,1,1,61123456789,0,11,,,,,,,4917100000,10131,32643,0,211118,131230,B,631,000000,000000000,D,,00,00,03,,DEUD1
20,,272039160030160,867495039412500,1,1,1,86123456789,0,11,,,,,,,3460700000,00320,55461,0,211118,131231,B,562,000000,000000031,D,,03,00,00,,ESPAT
30,,272039160030160,356163111681890,1,1,1,3312345678,0,11,,,,,,,3165300000,10131,32643,0,211118,131232,B,69,000000,000000000,D,,00,00,03,,NLDPT
20,,272039160030160,867559036501640,1,1,1,20123456789,0,11,,,,,,,5407900000,00330,60211,0,211118,131233,B,534,000000,000000257,D,,03,00,00,,ARGTM
20,,272039160030160,356928101540340,1,1,1,61123456789,0,11,,,,,,,1876000000,31150,65019,0,211118,131234,B,301,000000,000000034,D,,03,00,00,,JAMCW
30,,272039160030160,358360106327270,1,1,1,5212345678,0,11,,,,,,,9190390000,01021,61172,0,211118,131235,B,894,000000,000000000,D,,00,00,03,,INDT5
30,,272039160030160,867495039412500,1,1,1,5212345678,0,11,,,,,,,3719200000,01041,54620,0,211118,131236,B,19,000000,000000000,D,,00,00,03,,LVALM
20,,272039160030160,867495039412500,1,1,1,86123456789,0,11,,,,,,,9689900000,01041,54499,0,211118,131237,B,883,000000,000000050,D,,03,00,00,,OMNGT
20,,272039160030160,357771574865450,1,1,1,47123456789,0,11,,,,,,,3933900000,30140,41892,0,211118,131238,B,93,000000,000000583,D,,03,00,00,,ITASI
30,,272039160030160,356928101540340,1,1,1,12345678900,0,11,,,,,,,9231000000,31150,65019,0,211118,131239,B,699,000000,000000000,D,,00,00,03,,PAKPL
20,,272039160030160,358685098519620,1,1,1,5212345678,0,11,,,,,,,6427000000,01061,34436,0,211118,131240,B,39,000000,000000035,D,,03,00,00,,NZLNH
20,,272039160030160,352859309933310,1,1,1,5212345678,0,11,,,,,,,1778580000,31150,65019,0,211118,131241,B,884,000000,000000001,D,,03,00,00,,CANTS
20,,272039160030160,352859309933310,1,1,1,222123456789,0,11,,,,,,,3826700000,31150,65019,0,211118,131242,B,1180,000000,000000000,D,,03,00,00,,MNETM
30,,272039160030160,867495039412500,1,1,1,3412345678,0,11,,,,,,,2126600000,01041,54085,0,211118,131243,B,333,000000,000000000,D,,00,00,03,,MARMT
20,,272039160030160,356163111681890,1,1,1,112345678900,0,11,,,,,,,9197020000,10131,32641,0,211118,131244,B,17,000000,000000034,D,,03,00,00,,INDIM
30,,272039160030160,359458685424380,1,1,1,91123456789,0,11,,,,,,,3876100000,11104,16493,0,211118,131245,B,1062,000000,000000000,D,,00,00,03,,BIHPT
30,,272039160030160,356392107931160,1,1,1,222123456789,0,11,,,,,,,3069900000,31150,65019,0,211118,131246,B,355,000000,000000000,D,,00,00,03,,GRCSH
30,,272039160030160,356392107931160,1,1,1,3412345678,0,11,,,,,,,4540100000,01061,23974,0,211118,131247,B,901,000000,000000000,D,,00,00,03,,DNKTD
30,,272039160030160,358685098519620,1,1,1,91123456789,0,11,,,,,,,3916200000,01061,14155,0,211118,131248,B,910,000000,000000000,D,,00,00,03,,ITAH3
20,,272039160030160,354127113753370,1,1,1,353851234567,0,11,,,,,,,3548900000,31121,63103,0,211118,131249,B,4,000000,000000149,D,,03,00,00,,ISLPS
30,,272039160030160,359708824377160,1,1,1,91123456789,0,11,,,,,,,3162800000,31150,65019,0,211118,131250,B,251,000000,000000000,D,,00,00,03,,NLDDT
30,,272039160030160,867495039412500,1,1,1,353851234567,0,11,,,,,,,4478700000,01041,54508,0,211118,131251,B,734,000000,000000000,D,,00,00,03,,GBROR
20,,272039160030160,356392107931160,1,1,1,353851234567,0,11,,,,,,,3725600000,31150,65019,0,211118,131252,B,940,000000,000000001,D,,03,00,00,,ESTRE
20,,272039160030160,356392107931160,1,1,1,112345678900,0,11,,,,,,,4531100000,01061,23974,0,211118,131253,B,132,000000,000000018,D,,03,00,00,,DNKHU
20,,272039160030160,359042089706940,1,1,1,237123456789,0,11,,,,,,,8190500000,01021,37100,0,211118,131254,B,442,000000,000000044,D,,03,00,00,,JPNDO
30,,272039160030160,352859309933310,1,1,1,20123456789,0,11,,,,,,,4531100000,31150,65019,0,211118,131255,B,91,000000,000000000,D,,00,00,03,,DNKHU
20,,272039160030160,356392107931160,1,1,1,237123456789,0,11,,,,,,,1441790000,01061,23974,0,211118,131256,B,329,000000,000000000,D,,03,00,00,,BMUBD
20,,272039160030160,356392107931160,1,1,1,5212345678,0,11,,,,,,,4206080000,01061,23974,0,211118,131257,B,427,000000,000000044,D,,03,00,00,,CZECM
20,,272039160030160,358685098519620,1,1,1,47123456789,0,11,,,,,,,4917600000,01061,20891,0,211118,131258,B,599,000000,000000784,D,,03,00,00,,DEUE2
20,,272039160030160,354568110787440,1,1,1,47123456789,0,11,,,,,,,3584000000,01041,12430,0,211118,131259,B,464,000000,000000021,D,,03,00,00,,FINTF
30,,272039160030160,359042089706940,1,1,1,353851234567,0,11,,,,,,,9607700000,01021,37112,0,211118,131300,B,224,000000,000000000,D,,00,00,03,,MDV01
20,,272039160030160,356082095755020,1,1,1,222123456789,0,11,,,,,,,9198250000,01021,51269,0,211118,131301,B,1136,000000,000000001,D,,03,00,00,,INDF1
30,,272039160030160,356082095755020,1,1,1,86123456789,0,11,,,,,,,3933900000,01021,51269,0,211118,131302,B,879,000000,000000000,D,,00,00,03,,ITASI
20,,272039160030160,354568110787440,1,1,1,237123456789,0,11,,,,,,,9190920000,01041,13459,0,211118,131303,B,907,000000,000000088,D,,03,00,00,,INDIT
20,,272039160030160,356392107931160,1,1,1,20123456789,0,11,,,,,,,8190660000,01061,23974,0,211118,131304,B,290,000000,000000039,D,,03,00,00,,JPNJP
30,,272039160030160,353773291476030,1,1,1,237123456789,0,11,,,,,,,2016000000,31150,65019,0,211118,131305,B,1105,000000,000000000,D,,00,00,03,,EGYMS
20,,272039160030160,350396265316870,1,1,1,91123456789,0,11,,,,,,,1647850000,01021,38113,0,211118,131306,B,473,000000,000000002,D,,03,00,00,,CANTS
20,,272039160030160,358558821119860,1,1,1,86123456789,0,11,,,,,,,8823200000,31121,61248,0,211118,131307,B,911,000000,000000025,D,,03,00,00,,NORMC
20,,272039160030160,350396265316870,1,1,1,353851234567,0,11,,,,,,,5562810000,01021,37116,0,211118,131308,B,910,000000,000000093,D,,03,00,00,,BRACS
30,,272039160030160,354568110787440,1,1,1,91123456789,0,11,,,,,,,4367600000,01041,13459,0,211118,131309,B,827,000000,000000000,D,,00,00,03,,AUTMM
20,,272039160030160,869341056207590,1,1,1,12345678900,0,11,,,,,,,9197080000,31150,65019,0,211118,131310,B,505,000000,000000034,D,,03,00,00,,INDIB
30,,272039160030160,358685098519620,1,1,1,91123456789,0,11,,,,,,,3916200000,31150,65019,0,211118,131311,B,1038,000000,000000000,D,,00,00,03,,ITAH3
20,,272039160030160,353773291476030,1,1,1,86123456789,0,11,,,,,,,3916200000,31150,65019,0,211118,131312,B,55,000000,000000015,D,,03,00,00,,ITAH3
20,,272039160030160,869341056207590,1,1,1,353851234567,0,11,,,,,,,4366400000,01061,14154,0,211118,131313,B,627,000000,000000057,D,,03,00,00,,LIEMK
20,,272039160030160,359316108892530,1,1,1,3312345678,0,11,,,,,,,1403400000,00360,56852,0,211118,131314,B,613,000000,000000004,D,,03,00,00,,CANBM
20,,272039160030160,865885048992030,1,1,1,3412345678,0,11,,,,,,,8559700000,00390,44023,0,211118,131315,B,620,000000,000000079,D,,03,00,00,,KHMVC
20,,272039160030160,356163111681890,1,1,1,222123456789,0,11,,,,,,,5519810000,10131,32643,0,211118,131316,B,470,000000,000000012,D,,03,00,00,,BRASP
20,,272039160030160,356580107936460,1,1,1,47123456789,0,11,,,,,,,2332700000,00350,40592,0,211118,131317,B,755,000000,000000002,D,,03,00,00,,GHAMT
20,,272039160030160,354141338896330,1,1,1,112345678900,0,11,,,,,,,2335700000,01071,34156,0,211118,131318,B,476,000000,000000086,D,,03,00,00,,GHAMT
30,,272039160030160,865885048992030,1,1,1,3312345678,0,11,,,,,,,1587580000,00390,44023,0,211118,131319,B,774,000000,000000000,D,,00,00,03,,CANTS
20,,272039160030160,353169101417200,1,1,1,61123456789,0,11,,,,,,,9725200000,01021,63391,0,211118,131320,B,1025,000000,000000000,D,,03,00,00,,ISRCL
20,,272039160030160,353169101417200,1,1,1,47123456789,0,11,,,,,,,3360900000,01021,63391,0,211118,131321,B,43,000000,000000000,D,,03,00,00,,FRAF2
30,,272039160030160,358558821119860,1,1,1,91123456789,0,11,,,,,,,9190920000,31121,61248,0,211118,131322,B,894,000000,000000000,D,,00,00,03,,INDIT
20,,272039160030160,867129030789020,1,1,1,222123456789,0,11,,,,,,,9190890000,00350,46292,0,211118,131323,B,168,000000,000000002,D,,03,00,00,,INDIE
20,,272039160030160,865885048992030,1,1,1,222123456789,0,11,,,,,,,9190280000,00390,44023,0,211118,131324,B,844,000000,000000014,D,,03,00,00,,INDT6
20,,272039160030160,351779112673880,1,1,1,222123456789,0,11,,,,,,,9198400000,01091,56678,0,211118,131325,B,552,000000,000000001,D,,03,00,00,,INDSC
30,,272039160030160,353169101417200,1,1,1,3412345678,0,11,,,,,,,9198430000,31121,48303,0,211118,131326,B,226,000000,000000000,D,,00,00,03,,INDCC
20,,272039160030160,865885048992030,1,1,1,91123456789,0,11,,,,,,,4477970000,00390,53421,0,211118,131327,B,550,000000,000000005,D,,03,00,00,,GBRJT
30,,272039160030160,353169101417200,1,1,1,237123456789,0,11,,,,,,,3859800000,01021,63391,0,211118,131328,B,480,000000,000000000,D,,00,00,03,,HRVCN
20,,272039160030160,359042089706940,1,1,1,91123456789,0,11,,,,,,,6018000000,01021,37112,0,211118,131329,B,704,000000,000000048,D,,03,00,00,,MYSMI
30,,272039160030160,358558821119860,1,1,1,353851234567,0,11,,,,,,,5591800000,31121,61248,0,211118,131330,B,489,000000,000000000,D,,00,00,03,,BRARN
20,,272039160030160,865885048992030,1,1,1,237123456789,0,11,,,,,,,5076200000,00390,44023,0,211118,131331,B,97,000000,000000195,D,,03,00,00,,PANCL
20,,272039160030160,358558821119860,1,1,1,222123456789,0,11,,,,,,,9198950000,31121,61248,0,211118,131332,B,968,000000,000000006,D,,03,00,00,,INDA7
30,,272039160030160,353773291476030,1,1,1,353851234567,0,11,,,,,,,9198300000,31150,65019,0,211118,131333,B,768,000000,000000000,D,,00,00,03,,INDCC
20,,272039160030160,357771574865450,1,1,1,86123456789,0,11,,,,,,,3162800000,00340,53431,0,211118,131334,B,474,000000,000000011,D,,03,00,00,,NLDDT
20,,272039160030160,358558821119860,1,1,1,47123456789,0,11,,,,,,,6281800000,01021,51277,0,211118,131335,B,776,000000,000000022,D,,03,00,00,,IDNEX
30,,272039160030160,869341056207590,1,1,1,237123456789,0,11,,,,,,,9198260000,31150,65019,0,211118,131336,B,85,000000,000000000,D,,00,00,03,,INDMP
30,,272039160030160,356163111681890,1,1,1,353851234567,0,11,,,,,,,2307200000,31150,60322,0,211118,131337,B,934,000000,000000000,D,,00,00,03,,MUSEM
30,,272039160030160,356928101540340,1,1,1,12345678900,0,11,,,,,,,3520910000,31150,65019,0,211118,131338,B,410,000000,000000000,D,,00,00,03,,LUXTG
20,,272039160030160,358558821119860,1,1,1,91123456789,0,11,,,,,,,1876000000,01021,13305,0,211118,131339,B,204,000000,000000019,D,,03,00,00,,JAMDC
20,,272039160030160,358685098519620,1,1,1,112345678900,0,11,,,,,,,1876000000,31150,65019,0,211118,131340,B,904,000000,000000003,D,,03,00,00,,JAMDC
20,,272039160030160,869341056207590,1,1,1,5212345678,0,11,,,,,,,4915750000,31150,65019,0,211118,131341,B,879,000000,000000002,D,,03,00,00,,DEUE1
30,,272039160030160,354127113753370,1,1,1,222123456789,0,11,,,,,,,9198370000,31121,61261,0,211118,131342,B,893,000000,000000000,D,,00,00,03,,INDEU
20,,272039160030160,356928101540340,1,1,1,20123456789,0,11,,,,,,,4478700000,31150,65019,0,211118,131343,B,922,000000,000000027,D,,03,00,00,,GBROR
20,,272039160030160,867129030789020,1,1,1,3312345678,0,11,,,,,,,4915700000,00340,45752,0,211118,131344,B,618,000000,000000002,D,,03,00,00,,DEUE1
20,,272039160030160,869341056207590,1,1,1,112345678900,0,11,,,,,,,9194300000,01061,20897,0,211118,131345,B,990,000000,000000003,D,,03,00,00,,INDWB
20,,272039160030160,357367094292350,1,1,1,3412345678,0,11,,,,,,,3933500000,00360,46322,0,211118,131346,B,105,000000,000000002,D,,03,00,00,,ITASI
20,,272039160030160,359847106259470,1,1,1,112345678900,0,11,,,,,,,2348030000,31121,61248,0,211118,131347,B,381,000000,000000033,D,,03,00,00,,NGAMN
30,,272039160030160,867129030789020,1,1,1,237123456789,0,11,,,,,,,9198270000,00340,45751,0,211118,131348,B,220,000000,000000000,D,,00,00,03,,INDRM
20,,272039160030160,352859309933310,1,1,1,222123456789,0,11,,,,,,,2126390000,31150,65019,0,211118,131349,B,582,000000,000000018,D,,03,00,00,,MARM1
20,,272039160030160,865885048992030,1,1,1,61123456789,0,11,,,,,,,1778580000,00390,63732,0,211118,131350,B,708,000000,000000833,D,,03,00,00,,CANTS
20,,272039160030160,869341056207590,1,1,1,12345678900,0,11,,,,,,,3719200000,31150,60211,0,211118,131351,B,55,000000,000000002,D,,03,00,00,,LVALM
30,,272039160030160,869341056207590,1,1,1,3412345678,0,11,,,,,,,1829990000,31150,60211,0,211118,131352,B,708,000000,000000000,D,,00,00,03,,DOMCL
30,,272039160030160,354568110787440,1,1,1,353851234567,0,11,,,,,,,9190400000,01041,12430,0,211118,131353,B,70,000000,000000000,D,,00,00,03,,INDTO
20,,272039160030160,869341056207590,1,1,1,47123456789,0,11,,,,,,,5582900000,31150,60211,0,211118,131354,B,935,000000,000000024,D,,03,00,00,,BRARN
30,,272039160030160,865885048992030,1,1,1,20123456789,0,11,,,,,,,4237900000,00390,63732,0,211118,131355,B,903,000000,000000000,D,,00,00,03,,LIEMK
30,,272039160030160,358685098519620,1,1,1,237123456789,0,11,,,,,,,1809850000,31150,65019,0,211118,131356,B,8,000000,000000000,D,,00,00,03,,DOM01
30,,272039160030160,353169101417200,1,1,1,47123456789,0,11,,,,,,,5501100000,01021,63391,0,211118,131357,B,920,000000,000000000,D,,00,00,03,,BRAV3
20,,272039160030160,867495039412500,1,1,1,86123456789,0,11,,,,,,,4365000000,01032,43718,0,211118,131358,B,300,000000,000000527,D,,03,00,00,,AUTPT
20,,272039160030160,359144077540030,1,1,1,5212345678,0,11,,,,,,,3826700000,00380,63462,0,211118,131359,B,561,000000,000000001,D,,03,00,00,,MNETM
30,,272039160030160,357771574865450,1,1,1,86123456789,0,11,,,,,,,2317000000,00340,43023,0,211118,131400,B,1021,000000,000000000,D,,00,00,03,,ISRCL
20,,272039160030160,358558821119860,1,1,1,237123456789,0,11,,,,,,,5199440000,31121,61248,0,211118,131401,B,604,000000,000000001,D,,03,00,00,,PERMO
30,,272039160030160,358558821119860,1,1,1,20123456789,0,11,,,,,,,2302500000,31121,61248,0,211118,131402,B,687,000000,000000000,D,,00,00,03,,MUSCP
30,,272039160030160,354568110787440,1,1,1,61123456789,0,11,,,,,,,3460600000,01041,13459,0,211118,131403,B,791,000000,000000000,D,,00,00,03,,ESPTE
30,,272039160030160,350153274303290,1,1,1,47123456789,0,11,,,,,,,2332600000,01021,63395,0,211118,131404,B,253,000000,000000000,D,,00,00,03,,GHAZN
20,,272039160030160,358685098519620,1,1,1,3412345678,0,11,,,,,,,1647580000,01061,32397,0,211118,131405,B,543,000000,000000177,D,,03,00,00,,CANTS
30,,272039160030160,359708824377160,1,1,1,5212345678,0,11,,,,,,,3774000000,31150,60211,0,211118,131406,B,950,000000,000000000,D,,00,00,03,,MCOM2
20,,272039160030160,358558821119860,1,1,1,91123456789,0,11,,,,,,,6018000000,31121,61248,0,211118,131407,B,786,000000,000000010,D,,03,00,00,,MYSMI
20,,272039160030160,352859309933310,1,1,1,3412345678,0,11,,,,,,,3897000000,31150,65019,0,211118,131408,B,586,000000,000000032,D,,03,00,00,,MKDMM
20,,272039160030160,352859309933310,1,1,1,20123456789,0,11,,,,,,,9689900000,31150,65019,0,211118,131409,B,619,000000,000000011,D,,03,00,00,,OMNGT
20,,272039160030160,358558821119860,1,1,1,47123456789,0,11,,,,,,,6424200000,31121,61248,0,211118,131410,B,603,000000,000000037,D,,03,00,00,,NZLNH
20,,272039160030160,357962107799200,1,1,1,61123456789,0,11,,,,,,,9477000000,31150,65019,0,211118,131411,B,1117,000000,000000020,D,,03,00,00,,LKADG
30,,272039160030160,865885048992030,1,1,1,237123456789,0,11,,,,,,,4478500000,00390,44023,0,211118,131412,B,686,000000,000000000,D,,00,00,03,,GBRVF
20,,272039160030160,352859309933310,1,1,1,237123456789,0,11,,,,,,,3598800000,31150,65019,0,211118,131413,B,870,000000,000000036,D,,03,00,00,,BGR01
30,,272039160030160,869341056207590,1,1,1,20123456789,0,11,,,,,,,4526000000,31150,65019,0,211118,131414,B,942,000000,000000000,D,,00,00,03,,DNKMX
20,,272039160030160,358685098519620,1,1,1,112345678900,0,11,,,,,,,5076000000,01061,32397,0,211118,131415,B,936,000000,000000008,D,,03,00,00,,PANDC
30,,272039160030160,865885048992030,1,1,1,3412345678,0,11,,,,,,,3360900000,00390,44023,0,211118,131416,B,535,000000,000000000,D,,00,00,03,,FRAF2
20,,272039160030160,352859309933310,1,1,1,222123456789,0,11,,,,,,,3546500000,31150,65019,0,211118,131417,B,603,000000,000000010,D,,03,00,00,,ISLVW
20,,272039160030160,358685098519620,1,1,1,222123456789,0,11,,,,,,,3520210000,01061,32397,0,211118,131418,B,610,000000,000000388,D,,03,00,00,,LUXPT
30,,272039160030160,358558821119860,1,1,1,3312345678,0,11,,,,,,,2309600000,01021,51269,0,211118,131419,B,683,000000,000000000,D,,00,00,03,,MUSMT
30,,272039160030160,356928101540340,1,1,1,5212345678,0,11,,,,,,,4366000000,31150,65019,0,211118,131420,B,585,000000,000000000,D,,00,00,03,,AUTHU
20,,272039160030160,353467110855550,1,1,1,20123456789,0,11,,,,,,,9627900000,31121,61248,0,211118,131421,B,1062,000000,000000010,D,,03,00,00,,JORFL
30,,272039160030160,359847106259470,1,1,1,5212345678,0,11,,,,,,,6141100000,31121,61248,0,211118,131422,B,1118,000000,000000000,D,,00,00,03,,AUSOP
20,,272039160030160,353019117623700,1,1,1,91123456789,0,11,,,,,,,4206020000,01021,49168,0,211118,131423,B,500,000000,000000084,D,,03,00,00,,CZEET
20,,272039160030160,358685098519620,1,1,1,86123456789,0,11,,,,,,,1876000000,31150,65019,0,211118,131424,B,114,000000,000000012,D,,03,00,00,,JAMDC
30,,272039160030160,356928101540340,1,1,1,3312345678,0,11,,,,,,,5500600000,01061,23974,0,211118,131425,B,197,000000,000000000,D,,00,00,03,,BRAV2
30,,272039160030160,863024051299230,1,1,1,12345678900,0,11,,,,,,,4477810000,01032,27445,0,211118,131426,B,1026,000000,000000000,D,,00,00,03,,GBRGT
30,,272039160030160,356082095755020,1,1,1,20123456789,0,11,,,,,,,8190500000,01021,51269,0,211118,131427,B,127,000000,000000000,D,,00,00,03,,JPNDO
20,,272039160030160,357367094292350,1,1,1,5212345678,0,11,,,,,,,3584576000,00360,51471,0,211118,131428,B,787,000000,000000002,D,,03,00,00,,FINTA
30,,272039160030160,865885048992030,1,1,1,222123456789,0,11,,,,,,,9197080000,00390,53421,0,211118,131429,B,505,000000,000000000,D,,00,00,03,,INDIB
20,,272039160030160,357879820234670,1,1,1,20123456789,0,11,,,,,,,3859100000,01061,23974,0,211118,131430,B,263,000000,000000049,D,,03,00,00,,HRVVI
20,,272039160030160,865885048992030,1,1,1,20123456789,0,11,,,,,,,3556600000,00390,53421,0,211118,131431,B,997,000000,000000027,D,,03,00,00,,ALBM4
20,,272039160030160,865885048992030,1,1,1,91123456789,0,11,,,,,,,5571900000,00390,53421,0,211118,131432,B,1132,000000,000000001,D,,03,00,00,,BRACS
20,,272039160030160,865885048992030,1,1,1,3312345678,0,11,,,,,,,5076610000,00390,53421,0,211118,131433,B,1090,000000,000000001,D,,03,00,00,,PANMS
20,,272039160030160,865885048992030,1,1,1,353851234567,0,11,,,,,,,4438500000,00390,47882,0,211118,131434,B,296,000000,000000001,D,,03,00,00,,GBRVF
20,,272039160030160,354568110787440,1,1,1,112345678900,0,11,,,,,,,1876000000,01051,10400,0,211118,131435,B,652,000000,000000019,D,,03,00,00,,JAMDC
20,,272039160030160,353773291476030,1,1,1,237123456789,0,11,,,,,,,3934900000,01061,23974,0,211118,131436,B,1053,000000,000000017,D,,03,00,00,,ITAOM
20,,272039160030160,353773291476030,1,1,1,222123456789,0,11,,,,,,,3749300000,31150,65019,0,211118,131437,B,846,000000,000000005,D,,03,00,00,,ARM05
20,,272039160030160,865885048992030,1,1,1,5212345678,0,11,,,,,,,9198440000,00390,53421,0,211118,131438,B,949,000000,000000198,D,,03,00,00,,INDSK
30,,272039160030160,354568110787440,1,1,1,61123456789,0,11,,,,,,,3584100000,31101,51391,0,211118,131439,B,884,000000,000000000,D,,00,00,03,,FINTA
20,,272039160030160,356082095755020,1,1,1,3412345678,0,11,,,,,,,2499100000,01021,51553,0,211118,131440,B,1130,000000,000000045,D,,03,00,00,,JORFL
20,,272039160030160,356082095755020,1,1,1,86123456789,0,11,,,,,,,8612100000,01021,51553,0,211118,131441,B,356,000000,000000060,D,,03,00,00,,CHNCU
20,,272039160030160,356082095755020,1,1,1,47123456789,0,11,,,,,,,4540100000,01021,51553,0,211118,131442,B,494,000000,000000119,D,,03,00,00,,DNKTD
30,,272039160030160,865885048992030,1,1,1,3412345678,0,11,,,,,,,5596800000,00390,53421,0,211118,131443,B,108,000000,000000000,D,,00,00,03,,BRASP
20,,272039160030160,865885048992030,1,1,1,5212345678,0,11,,,,,,,1809850000,00390,53421,0,211118,131444,B,102,000000,000000323,D,,03,00,00,,DOM01
30,,272039160030160,356163111681890,1,1,1,3412345678,0,11,,,,,,,3165300000,01061,63581,0,211118,131445,B,341,000000,000000000,D,,00,00,03,,NLDTM
20,,272039160030160,356163111681890,1,1,1,12345678900,0,11,,,,,,,2376000000,01061,63997,0,211118,131446,B,1116,000000,000000009,D,,03,00,00,,CMRMT
30,,272039160030160,867129030789020,1,1,1,112345678900,0,11,,,,,,,3584100000,00340,45751,0,211118,131447,B,741,000000,000000000,D,,00,00,03,,FINTA
30,,272039160030160,353467110855550,1,1,1,3412345678,0,11,,,,,,,4540100000,01021,37054,0,211118,131448,B,1056,000000,000000000,D,,00,00,03,,DNKTD
30,,272039160030160,356392107931160,1,1,1,353851234567,0,11,,,,,,,1604340000,01061,23974,0,211118,131449,B,642,000000,000000000,D,,00,00,03,,CANBM
30,,272039160030160,356163111681890,1,1,1,47123456789,0,11,,,,,,,5562810000,01061,64793,0,211118,131450,B,379,000000,000000000,D,,00,00,03,,BRACS
30,,272039160030160,359125101327230,1,1,1,61123456789,0,11,,,,,,,2547220000,00350,50632,0,211118,131451,B,973,000000,000000000,D,,00,00,03,,KENSA
30,,272039160030160,351328117236330,1,1,1,47123456789,0,11,,,,,,,5436000000,01021,35598,0,211118,131452,B,520,000000,000000000,D,,00,00,03,,ARGVO
20,,272039160030160,352711095912070,1,1,1,12345678900,0,11,,,,,,,4747910000,00350,47962,0,211118,131453,B,686,000000,000000002,D,,03,00,00,,NORNN
20,,272039160030160,352711095912070,1,1,1,86123456789,0,11,,,,,,,5926600000,00350,47962,0,211118,131454,B,1157,000000,000000002,D,,03,00,00,,GUYUM
20,,272039160030160,358558821119860,1,1,1,91123456789,0,11,,,,,,,9190440000,01021,61172,0,211118,131455,B,451,000000,000000000,D,,03,00,00,,INDT7
20,,272039160030160,866957039310790,1,1,1,237123456789,0,11,,,,,,,4206020000,01071,31755,0,211118,131456,B,643,000000,000000173,D,,03,00,00,,CZEET
20,,272039160030160,352711095912070,1,1,1,86123456789,0,11,,,,,,,3897000000,00350,41643,0,211118,131457,B,501,000000,000000019,D,,03,00,00,,MKDMM
30,,272039160030160,351328117236330,1,1,1,222123456789,0,11,,,,,,,3749300000,01021,35598,0,211118,131458,B,757,000000,000000000,D,,00,00,03,,ARM05
30,,272039160030160,358685098519620,1,1,1,353851234567,0,11,,,,,,,5503100000,01061,32397,0,211118,131459,B,1021,000000,000000000,D,,00,00,03,,BRATM
20,,272039160030160,354127113753370,1,1,1,47123456789,0,11,,,,,,,9689500000,01021,63410,0,211118,131500,B,967,000000,000000268,D,,03,00,00,,OMNNT
30,,272039160030160,865885048992030,1,1,1,237123456789,0,11,,,,,,,3706980000,00390,63732,0,211118,131501,B,848,000000,000000000,D,,00,00,03,,LTUOM
30,,272039160030160,359708824377160,1,1,1,20123456789,0,11,,,,,,,5966960000,01061,26444,0,211118,131502,B,423,000000,000000000,D,,00,00,03,,GLP01
20,,272039160030160,869341056207590,1,1,1,61123456789,0,11,,,,,,,4479580000,01061,32246,0,211118,131503,B,1133,000000,000000242,D,,03,00,00,,GBRME
30,,272039160030160,351328117237800,1,1,1,5212345678,0,11,,,,,,,9190900000,31122,61024,0,211118,131504,B,524,000000,000000000,D,,00,00,03,,INDIO
30,,272039160030160,358360106327270,1,1,1,5212345678,0,11,,,,,,,9198400000,01021,61172,0,211118,131505,B,208,000000,000000000,D,,00,00,03,,INDSC
30,,272039160030160,356562086099770,1,1,1,86123456789,0,11,,,,,,,9198220000,01061,24585,0,211118,131506,B,202,000000,000000000,D,,00,00,03,,INDBO
30,,272039160030160,351328117237800,1,1,1,20123456789,0,11,,,,,,,9194000000,01021,25673,0,211118,131507,B,617,000000,000000000,D,,00,00,03,,INDWB
30,,272039160030160,353467110855550,1,1,1,3412345678,0,11,,,,,,,9198260000,01021,61628,0,211118,131508,B,116,000000,000000000,D,,00,00,03,,INDMP
30,,272039160030160,353552681993170,1,1,1,222123456789,0,11,,,,,,,9725400000,01021,61224,0,211118,131509,B,592,000000,000000000,D,,00,00,03,,ISR01
20,,272039160030160,359042089706940,1,1,1,3312345678,0,11,,,,,,,4477810000,01021,37143,0,211118,131510,B,574,000000,000000000,D,,03,00,00,,GBRGT
20,,272039160030160,356562086099770,1,1,1,86123456789,0,11,,,,,,,4540500000,01061,23974,0,211118,131511,B,899,000000,000000004,D,,03,00,00,,DNKDM
20,,272039160030160,356562086099770,1,1,1,112345678900,0,11,,,,,,,4237800000,31150,65019,0,211118,131512,B,1156,000000,000000003,D,,03,00,00,,LIEVE
20,,272039160030160,356928101540340,1,1,1,222123456789,0,11,,,,,,,2659900000,01061,23239,0,211118,131513,B,20,000000,000000018,D,,03,00,00,,MWICT
90,SWEEP,IRLME,07466,215,211116052720,+0100,211118043148,+0100,8.54114,,