10,SWEEP,IRLME,07466,Y,00000000000000000000000000000000,,211118,211118,211118050158,+0100,02,,,02,050158,353,,
12,B,1213761
14,B,+0100
30,,272039160030262,358360106327270,1,1,1,353853506459,0,11,,,,,,,3369500111,31121,51022,0,211117,063429,B,372,000000,000000000,D,,00,00,03,,FRAFM
30,,272039160030165,353467110855550,1,1,1,353853506459,0,11,,,,,,,5199440011,31121,61248,0,211117,075528,B,860,000000,000000000,D,,00,00,03,,PERMO
30,,272039160030165,351826111859880,1,1,1,353853506459,0,11,,,,,,,8551600111,01051,10364,0,211117,080003,B,538,000000,000000000,D,,00,00,03,,KHMSM
20,,272039160030165,352859309933310,1,1,1,353853506459,0,11,,,,,,,3069400111,31150,65019,0,211117,080324,B,334,000000,000000001,D,,03,00,00,,GRCPF
20,,272039160030160,352859309933310,1,1,1,353853506459,0,11,,,,,,,3932000111,31150,65019,0,211117,080343,B,1172,000000,000000001,D,,03,00,00,,ITAWI
30,,272039160030262,352859309933310,1,1,1,353853506459,0,11,,,,,,,1876001111,31150,65019,0,211117,080412,B,179,000000,000000000,D,,00,00,03,,JAMDC
30,,272039160030165,351826111859880,1,1,1,353853506459,0,11,,,,,,,8801600111,01051,10380,0,211117,080811,B,714,000000,000000000,D,,00,00,03,,BGDWT
30,,272039160030165,350153274303290,1,1,1,353853506459,0,11,,,,,,,1876001111,01021,63396,0,211117,081734,B,252,000000,000000000,D,,00,00,03,,JAMDC
20,,272039160030160,359847106259470,1,1,1,353853506459,0,11,,,,,,,3584510011,31121,61248,0,211117,082558,B,332,000000,000000002,D,,03,00,00,,FINES
30,,272039160030165,359847106259470,1,1,1,353853506459,0,11,,,,,,,3361100111,31121,61248,0,211117,082621,B,749,000000,000000000,D,,00,00,03,,FRAF9
20,,272039160030160,356928101540340,1,1,1,353853506459,0,11,,,,,,,9725300111,01061,14154,0,211117,082619,B,259,000000,000000026,D,,03,00,00,,ISRMS
30,,272039160030262,356928101540340,1,1,1,353853506459,0,11,,,,,,,4178001111,01061,14154,0,211117,082836,B,549,000000,000000000,D,,00,00,03,,CHEOR
20,,272039160030262,358360106327270,1,1,1,353853506459,0,11,,,,,,,9182600111,31121,48353,0,211117,083350,B,645,000000,000000036,D,,03,00,00,,INDMP
20,,272039160030160,353467110855550,1,1,1,353853506459,0,11,,,,,,,4477810011,01021,51269,0,211117,083723,B,997,000000,000000009,D,,03,00,00,,GBRGT
20,,272039160030165,358360106327270,1,1,1,353853506459,0,11,,,,,,,2126639001,01021,60668,0,211117,083533,B,1098,000000,000000049,D,,03,00,00,,MARMT
20,,272039160030165,358360106327270,1,1,1,353853506459,0,11,,,,,,,8529020011,31121,48353,0,211117,084336,B,221,000000,000000023,D,,03,00,00,,HKGTC
20,,272039160030160,353467110855550,1,1,1,353853506459,0,11,,,,,,,9893500111,31121,61248,0,211117,084624,B,338,000000,000000012,D,,03,00,00,,IRNMI
20,,272039160030160,356163111681890,1,1,1,353853506459,0,11,,,,,,,6013001111,31150,60321,0,211117,084509,B,1070,000000,000000067,D,,03,00,00,,MYSCC
20,,272039160030165,866511041354690,1,1,1,353853506459,0,11,,,,,,,5562810011,01021,51269,0,211117,085124,B,275,000000,000000003,D,,03,00,00,,BRACS
20,,272039160030262,356163111681890,1,1,1,353853506459,0,11,,,,,,,4477970011,31150,60321,0,211117,085208,B,418,000000,000000027,D,,03,00,00,,GBRJT
20,,272039160030262,358360106327270,1,1,1,353853506459,0,11,,,,,,,4917600111,31121,48353,0,211117,085652,B,190,000000,000000054,D,,03,00,00,,DEUO2
20,,272039160030165,356163111681890,1,1,1,353853506459,0,11,,,,,,,9190440011,10131,32641,0,211117,090516,B,587,000000,000000018,D,,03,00,00,,INDT7
30,,272039160030165,354568110787440,1,1,1,353853506459,0,11,,,,,,,1809850011,01051,10281,0,211117,090221,B,248,000000,000000000,D,,00,00,03,,DOM01
20,,272039160030165,359708824377160,1,1,1,353853506459,0,11,,,,,,,4206080011,01061,34436,0,211117,091628,B,637,000000,000000038,D,,03,00,00,,CZECM
30,,272039160030160,356163111681890,1,1,1,353853506459,0,11,,,,,,,1876001111,31150,59013,0,211117,092357,B,1008,000000,000000000,D,,00,00,03,,JAMDC
20,,272039160030262,353467110855550,1,1,1,353853506459,0,11,,,,,,,5513810011,01021,51269,0,211117,092951,B,1064,000000,000000001,D,,03,00,00,,BRASP
20,,272039160030160,352859309933310,1,1,1,353853506459,0,11,,,,,,,9198900111,01061,24265,0,211117,093122,B,206,000000,000000018,D,,03,00,00,,INDMT
20,,272039160030165,358360106327270,1,1,1,353853506459,0,11,,,,,,,9198140011,31121,48353,0,211117,090227,B,1053,000000,000000767,D,,03,00,00,,INDSP
20,,272039160030165,359042089706940,1,1,1,353853506459,0,11,,,,,,,9198300011,01021,37100,0,211117,093101,B,497,000000,000000024,D,,03,00,00,,INDCC
30,,272039160030160,353467110855550,1,1,1,353853506459,0,11,,,,,,,8536240011,31121,61248,0,211117,093128,B,138,000000,000000000,D,,00,00,03,,MACHT
30,,272039160030262,356928101540340,1,1,1,353853506459,0,11,,,,,,,5076610011,31150,65019,0,211117,094010,B,91,000000,000000000,D,,00,00,03,,PANMS
20,,272039160030262,867495039412500,1,1,1,353853506459,0,11,,,,,,,3247500111,00340,57462,0,211117,094322,B,952,000000,000000037,D,,03,00,00,,BELTB
20,,272039160030262,353169101417200,1,1,1,353853506459,0,11,,,,,,,2302500111,01021,63391,0,211117,094822,B,76,000000,000000039,D,,03,00,00,,MUSCP
30,,272039160030160,353169101417200,1,1,1,353853506459,0,11,,,,,,,9715000111,01021,63391,0,211117,095127,B,1149,000000,000000000,D,,00,00,03,,ARETC
20,,272039160030262,358685098519620,1,1,1,353853506459,0,11,,,,,,,9689500111,31150,65019,0,211117,095434,B,726,000000,000000031,D,,03,00,00,,OMNNT
30,,272039160030165,356163111681890,1,1,1,353853506459,0,11,,,,,,,1876001111,31150,60322,0,211117,095422,B,920,000000,000000000,D,,00,00,03,,JAMDC
20,,272039160030262,358360106327270,1,1,1,353853506459,0,11,,,,,,,5581900111,01021,61172,0,211117,101748,B,42,000000,000000003,D,,03,00,00,,BRACS
30,,272039160030160,353169101417200,1,1,1,353853506459,0,11,,,,,,,3774000111,01021,63391,0,211117,101805,B,1146,000000,000000000,D,,00,00,03,,MCOM2
30,,272039160030165,358558821119860,1,1,1,353853506459,0,11,,,,,,,3584100111,01021,51269,0,211117,102037,B,718,000000,000000000,D,,00,00,03,,FINTA
30,,272039160030165,356163111681890,1,1,1,353853506459,0,11,,,,,,,2309600111,31150,60322,0,211117,101534,B,1095,000000,000000000,D,,00,00,03,,MUSMT
20,,272039160030160,354127113753370,1,1,1,353853506459,0,11,,,,,,,5547990011,01021,48885,0,211117,102731,B,662,000000,000000003,D,,03,00,00,,BRACS
30,,272039160030165,358685098519620,1,1,1,353853506459,0,11,,,,,,,1809850011,01061,32397,0,211117,102730,B,1045,000000,000000000,D,,00,00,03,,DOM01
20,,272039160030165,359708824377160,1,1,1,353853506459,0,11,,,,,,,6141500111,01061,13661,0,211117,102648,B,809,000000,000000085,D,,03,00,00,,AUSVF
30,,272039160030160,353467110855550,1,1,1,353853506459,0,11,,,,,,,9199650011,01021,51269,0,211117,103223,B,608,000000,000000000,D,,00,00,03,,INDAC
30,,272039160030160,354127113753370,1,1,1,353853506459,0,11,,,,,,,4915100111,31121,63103,0,211117,103110,B,1137,000000,000000000,D,,00,00,03,,DEUD1
20,,272039160030262,358685098519620,1,1,1,353853506459,0,11,,,,,,,2659900111,01061,32397,0,211117,103111,B,1122,000000,000000169,D,,03,00,00,,MWICT
20,,272039160030262,356163111681890,1,1,1,353853506459,0,11,,,,,,,9893200111,10131,32643,0,211117,104003,B,1003,000000,000000028,D,,03,00,00,,IRNRI
20,,272039160030160,356163111681890,1,1,1,353853506459,0,11,,,,,,,6797000111,10131,32643,0,211117,104324,B,1183,000000,000000023,D,,03,00,00,,FJIDP
20,,272039160030160,354127113753370,1,1,1,353853506459,0,11,,,,,,,4206080011,31121,63103,0,211117,104542,B,289,000000,000000023,D,,03,00,00,,CZECM
30,,272039160030160,356163111681890,1,1,1,353853506459,0,11,,,,,,,1604340011,10131,32643,0,211117,104741,B,146,000000,000000000,D,,00,00,03,,CANBM
20,,272039160030165,359708824377160,1,1,1,353853506459,0,11,,,,,,,8612100111,01061,14154,0,211117,104957,B,119,000000,000000061,D,,03,00,00,,CHNCU
30,,272039160030165,356163111681890,1,1,1,353853506459,0,11,,,,,,,2206001111,10131,32643,0,211117,105748,B,1182,000000,000000000,D,,00,00,03,,GMBCM
20,,272039160030160,867495039412500,1,1,1,353853506459,0,11,,,,,,,9190880011,00320,55461,0,211117,105939,B,14,000000,000000031,D,,03,00,00,,INDIK
30,,272039160030160,356163111681890,1,1,1,353853506459,0,11,,,,,,,9198220011,10131,32643,0,211117,110309,B,216,000000,000000000,D,,00,00,03,,INDBO
20,,272039160030262,867559036501640,1,1,1,353853506459,0,11,,,,,,,5581900111,00330,60211,0,211117,110157,B,996,000000,000000257,D,,03,00,00,,BRACS
20,,272039160030160,356928101540340,1,1,1,353853506459,0,11,,,,,,,2136600111,31150,65019,0,211117,111202,B,889,000000,000000034,D,,03,00,00,,DZAA1
30,,272039160030165,358360106327270,1,1,1,353853506459,0,11,,,,,,,3737940011,01021,61172,0,211117,111524,B,531,000000,000000000,D,,00,00,03,,MDAMC
30,,272039160030165,867495039412500,1,1,1,353853506459,0,11,,,,,,,4916000111,01041,54620,0,211117,111208,B,330,000000,000000000,D,,00,00,03,,DEUD1
20,,272039160030165,867495039412500,1,1,1,353853506459,0,11,,,,,,,6143000111,01041,54499,0,211117,112611,B,1009,000000,000000050,D,,03,00,00,,AUSHU
20,,272039160030160,357771574865450,1,1,1,353853506459,0,11,,,,,,,4528001111,30140,41892,0,211117,110900,B,1115,000000,000000583,D,,03,00,00,,DNKIA
30,,272039160030165,356928101540340,1,1,1,353853506459,0,11,,,,,,,9725200111,31150,65019,0,211117,112955,B,1157,000000,000000000,D,,00,00,03,,ISRCL
20,,272039160030262,358685098519620,1,1,1,353853506459,0,11,,,,,,,2995001111,01061,34436,0,211117,113925,B,22,000000,000000035,D,,03,00,00,,GRLTG
20,,272039160030160,352859309933310,1,1,1,353853506459,0,11,,,,,,,9198420011,31150,65019,0,211117,114100,B,27,000000,000000001,D,,03,00,00,,INDAC
20,,272039160030160,352859309933310,1,1,1,353853506459,0,11,,,,,,,8612100111,31150,65019,0,211117,114123,B,1075,000000,000000000,D,,03,00,00,,CHNCU
30,,272039160030160,867495039412500,1,1,1,353853506459,0,11,,,,,,,5594800111,01041,54085,0,211117,113252,B,776,000000,000000000,D,,00,00,03,,BRASP
20,,272039160030160,356163111681890,1,1,1,353853506459,0,11,,,,,,,5511810011,10131,32641,0,211117,114833,B,1042,000000,000000034,D,,03,00,00,,BRASP
30,,272039160030160,359458685424380,1,1,1,353853506459,0,11,,,,,,,2588200111,11104,16493,0,211117,115126,B,762,000000,000000000,D,,00,00,03,,MOZ01
30,,272039160030165,356392107931160,1,1,1,353853506459,0,11,,,,,,,4206020011,31150,65019,0,211117,115346,B,206,000000,000000000,D,,00,00,03,,CZEET
30,,272039160030160,356392107931160,1,1,1,353853506459,0,11,,,,,,,9607700111,01061,23974,0,211117,115618,B,1163,000000,000000000,D,,00,00,03,,MDV01
30,,272039160030262,358685098519620,1,1,1,353853506459,0,11,,,,,,,4366000111,01061,14155,0,211117,115413,B,885,000000,000000000,D,,00,00,03,,AUTHU
20,,272039160030160,354127113753370,1,1,1,353853506459,0,11,,,,,,,8190660011,31121,63103,0,211117,115413,B,672,000000,000000149,D,,03,00,00,,JPNJP
30,,272039160030165,359708824377160,1,1,1,353853506459,0,11,,,,,,,9198920011,31150,65019,0,211117,120331,B,199,000000,000000000,D,,00,00,03,,INDA1
30,,272039160030165,867495039412500,1,1,1,353853506459,0,11,,,,,,,1587580011,01041,54508,0,211117,120021,B,988,000000,000000000,D,,00,00,03,,CANTS
20,,272039160030160,356392107931160,1,1,1,353853506459,0,11,,,,,,,2648100111,31150,65019,0,211117,121321,B,335,000000,000000001,D,,03,00,00,,NAM01
20,,272039160030160,356392107931160,1,1,1,353853506459,0,11,,,,,,,3752960011,01061,23974,0,211117,121429,B,166,000000,000000018,D,,03,00,00,,BLRMD
20,,272039160030165,359042089706940,1,1,1,353853506459,0,11,,,,,,,4917000111,01021,37100,0,211117,121738,B,487,000000,000000044,D,,03,00,00,,DEUD1
30,,272039160030160,352859309933310,1,1,1,353853506459,0,11,,,,,,,9198100011,31150,65019,0,211117,122349,B,618,000000,000000000,D,,00,00,03,,INDAT
20,,272039160030165,356392107931160,1,1,1,353853506459,0,11,,,,,,,1647380011,01061,23974,0,211117,123019,B,1076,000000,000000000,D,,03,00,00,,CANBM
20,,272039160030262,356392107931160,1,1,1,353853506459,0,11,,,,,,,2279000111,01061,23974,0,211117,123038,B,281,000000,000000044,D,,03,00,00,,NERFT
20,,272039160030262,358685098519620,1,1,1,353853506459,0,11,,,,,,,9198220011,01061,20891,0,211117,120548,B,520,000000,000000784,D,,03,00,00,,INDBM
20,,272039160030160,354568110787440,1,1,1,353853506459,0,11,,,,,,,9198820011,01041,12430,0,211117,123731,B,1062,000000,000000021,D,,03,00,00,,INDIH
30,,272039160030165,359042089706940,1,1,1,353853506459,0,11,,,,,,,9194300111,01021,37112,0,211117,124636,B,986,000000,000000000,D,,00,00,03,,INDWB
20,,272039160030160,356082095755020,1,1,1,353853506459,0,11,,,,,,,2126639001,01021,51269,0,211117,125124,B,477,000000,000000001,D,,03,00,00,,MARMT
30,,272039160030160,356082095755020,1,1,1,353853506459,0,11,,,,,,,9190890011,01021,51269,0,211117,125200,B,332,000000,000000000,D,,00,00,03,,INDIE
20,,272039160030160,354568110787440,1,1,1,353853506459,0,11,,,,,,,3099001111,01041,13459,0,211117,125028,B,1189,000000,000000088,D,,03,00,00,,GRCSH
20,,272039160030160,356392107931160,1,1,1,353853506459,0,11,,,,,,,9190300011,01061,23974,0,211117,125224,B,115,000000,000000039,D,,03,00,00,,INDT0
30,,272039160030165,353773291476030,1,1,1,353853506459,0,11,,,,,,,9198220011,31150,65019,0,211117,130053,B,666,000000,000000000,D,,00,00,03,,INDBO
20,,272039160030165,350396265316870,1,1,1,353853506459,0,11,,,,,,,4528130011,01021,38113,0,211117,130129,B,674,000000,000000002,D,,03,00,00,,DNKIA
20,,272039160030165,358558821119860,1,1,1,353853506459,0,11,,,,,,,2648100111,31121,61248,0,211117,130310,B,748,000000,000000025,D,,03,00,00,,NAM01
20,,272039160030262,350396265316870,1,1,1,353853506459,0,11,,,,,,,1876001111,01021,37116,0,211117,130930,B,340,000000,000000093,D,,03,00,00,,JAMDC
30,,272039160030165,354568110787440,1,1,1,353853506459,0,11,,,,,,,9194100111,01041,13459,0,211117,131236,B,215,000000,000000000,D,,00,00,03,,INDWB
20,,272039160030165,869341056207590,1,1,1,353853506459,0,11,,,,,,,4526001111,31150,65019,0,211117,131853,B,389,000000,000000034,D,,03,00,00,,DNKMX
30,,272039160030262,358685098519620,1,1,1,353853506459,0,11,,,,,,,4477820011,31150,65019,0,211117,131511,B,835,000000,000000000,D,,00,00,03,,GBRHU
20,,272039160030165,353773291476030,1,1,1,353853506459,0,11,,,,,,,6014600111,31150,65019,0,211117,132314,B,503,000000,000000015,D,,03,00,00,,MYSMR
20,,272039160030160,869341056207590,1,1,1,353853506459,0,11,,,,,,,9198470011,01061,14154,0,211117,132046,B,9,000000,000000057,D,,03,00,00,,INDEK
20,,272039160030165,359316108892530,1,1,1,353853506459,0,11,,,,,,,4237900111,00360,56852,0,211117,132332,B,476,000000,000000004,D,,03,00,00,,LIEMK
20,,272039160030160,865885048992030,1,1,1,353853506459,0,11,,,,,,,3162400111,00390,44023,0,211117,132652,B,712,000000,000000079,D,,03,00,00,,NLDPN
20,,272039160030262,356163111681890,1,1,1,353853506459,0,11,,,,,,,2279000111,10131,32643,0,211117,133144,B,113,000000,000000012,D,,03,00,00,,NERFT
20,,272039160030160,356580107936460,1,1,1,353853506459,0,11,,,,,,,3099001111,00350,40592,0,211117,133626,B,911,000000,000000002,D,,03,00,00,,GRCSH
20,,272039160030165,354141338896330,1,1,1,353853506459,0,11,,,,,,,3584000111,01071,34156,0,211117,133545,B,745,000000,000000086,D,,03,00,00,,FINTF
30,,272039160030160,865885048992030,1,1,1,353853506459,0,11,,,,,,,3556800111,00390,44023,0,211117,133617,B,696,000000,000000000,D,,00,00,03,,ALBAM
20,,272039160030160,353169101417200,1,1,1,353853506459,0,11,,,,,,,9190400011,01021,63391,0,211117,134856,B,62,000000,000000000,D,,03,00,00,,INDTO
20,,272039160030165,353169101417200,1,1,1,353853506459,0,11,,,,,,,4478500111,01021,63391,0,211117,134917,B,370,000000,000000000,D,,03,00,00,,GBRVF
30,,272039160030262,358558821119860,1,1,1,353853506459,0,11,,,,,,,6141100111,31121,61248,0,211117,135531,B,127,000000,000000000,D,,00,00,03,,AUSOP
20,,272039160030165,867129030789020,1,1,1,353853506459,0,11,,,,,,,3460700111,00350,46292,0,211117,135941,B,910,000000,000000002,D,,03,00,00,,ESPAT
20,,272039160030165,865885048992030,1,1,1,353853506459,0,11,,,,,,,9198410011,00390,44023,0,211117,140312,B,44,000000,000000014,D,,03,00,00,,INDRC
20,,272039160030160,351779112673880,1,1,1,353853506459,0,11,,,,,,,4366400111,01091,56678,0,211117,140939,B,189,000000,000000001,D,,03,00,00,,LIEMK
30,,272039160030165,353169101417200,1,1,1,353853506459,0,11,,,,,,,5501100111,31121,48303,0,211117,141125,B,446,000000,000000000,D,,00,00,03,,BRAV3
20,,272039160030165,865885048992030,1,1,1,353853506459,0,11,,,,,,,9197080011,00390,53421,0,211117,140943,B,471,000000,000000005,D,,03,00,00,,INDIB
30,,272039160030160,353169101417200,1,1,1,353853506459,0,11,,,,,,,3585000111,01021,63391,0,211117,141218,B,565,000000,000000000,D,,00,00,03,,FINRL
20,,272039160030160,359042089706940,1,1,1,353853506459,0,11,,,,,,,6016001111,01021,37112,0,211117,141408,B,180,000000,000000048,D,,03,00,00,,MYSMT
30,,272039160030262,358558821119860,1,1,1,353853506459,0,11,,,,,,,9230400111,31121,61248,0,211117,141849,B,1131,000000,000000000,D,,00,00,03,,PAKPL
20,,272039160030165,865885048992030,1,1,1,353853506459,0,11,,,,,,,5531900111,00390,44023,0,211117,141223,B,247,000000,000000195,D,,03,00,00,,BRACS
20,,272039160030160,358558821119860,1,1,1,353853506459,0,11,,,,,,,9231001111,31121,61248,0,211117,142019,B,11,000000,000000006,D,,03,00,00,,PAKPL
30,,272039160030160,353773291476030,1,1,1,353853506459,0,11,,,,,,,6016001111,31150,65019,0,211117,142448,B,508,000000,000000000,D,,00,00,03,,MYSMT
20,,272039160030165,357771574865450,1,1,1,353853506459,0,11,,,,,,,9190400011,00340,53431,0,211117,143050,B,721,000000,000000011,D,,03,00,00,,INDTO
20,,272039160030262,358558821119860,1,1,1,353853506459,0,11,,,,,,,4531100111,01021,51277,0,211117,143100,B,519,000000,000000022,D,,03,00,00,,DNKHU
30,,272039160030165,869341056207590,1,1,1,353853506459,0,11,,,,,,,4478700011,31150,65019,0,211117,143840,B,366,000000,000000000,D,,00,00,03,,GBROR
30,,272039160030165,356163111681890,1,1,1,353853506459,0,11,,,,,,,3569900111,31150,60322,0,211117,143905,B,564,000000,000000000,D,,00,00,03,,MLTTL
30,,272039160030262,356928101540340,1,1,1,353853506459,0,11,,,,,,,1438270011,31150,65019,0,211117,143715,B,1047,000000,000000000,D,,00,00,03,,CANBM
20,,272039160030160,358558821119860,1,1,1,353853506459,0,11,,,,,,,45405a0011,01021,13305,0,211117,144209,B,256,000000,000000019,D,,03,00,00,,DNKDM
20,,272039160030262,358685098519620,1,1,1,353853506459,0,11,,,,,,,8823200111,31150,65019,0,211117,144417,B,454,000000,000000003,D,,03,00,00,,NORMC
20,,272039160030160,869341056207590,1,1,1,353853506459,0,11,,,,,,,9198370011,31150,65019,0,211117,144432,B,1080,000000,000000002,D,,03,00,00,,INDEU
30,,272039160030160,354127113753370,1,1,1,353853506459,0,11,,,,,,,9197230011,31121,61261,0,211117,144416,B,832,000000,000000000,D,,00,00,03,,INDSK
20,,272039160030160,356928101540340,1,1,1,353853506459,0,11,,,,,,,9945500111,31150,65019,0,211117,144423,B,841,000000,000000027,D,,03,00,00,,AZEBC
20,,272039160030165,867129030789020,1,1,1,353853506459,0,11,,,,,,,3584100111,00340,45752,0,211117,145830,B,571,000000,000000002,D,,03,00,00,,FINTA
20,,272039160030165,869341056207590,1,1,1,353853506459,0,11,,,,,,,8613200111,01061,20897,0,211117,145917,B,996,000000,000000003,D,,03,00,00,,CHNCU
20,,272039160030160,357367094292350,1,1,1,353853506459,0,11,,,,,,,9370001111,00360,46322,0,211117,150411,B,633,000000,000000002,D,,03,00,00,,AFGAW
20,,272039160030262,359847106259470,1,1,1,353853506459,0,11,,,,,,,9198150011,31121,61248,0,211117,150441,B,436,000000,000000033,D,,03,00,00,,INDA9
30,,272039160030165,867129030789020,1,1,1,353853506459,0,11,,,,,,,9182200111,00340,45751,0,211117,150957,B,965,000000,000000000,D,,00,00,03,,INDBO
20,,272039160030165,352859309933310,1,1,1,353853506459,0,11,,,,,,,5500400111,31150,65019,0,211117,151128,B,716,000000,000000018,D,,03,00,00,,BRACS
20,,272039160030165,865885048992030,1,1,1,353853506459,0,11,,,,,,,9198470011,00390,63732,0,211117,144156,B,111,000000,000000833,D,,03,00,00,,INDEK
20,,272039160030262,869341056207590,1,1,1,353853506459,0,11,,,,,,,9190380011,31150,60211,0,211117,151757,B,240,000000,000000002,D,,03,00,00,,INDTK
30,,272039160030160,869341056207590,1,1,1,353853506459,0,11,,,,,,,8190660011,31150,60211,0,211117,152749,B,557,000000,000000000,D,,00,00,03,,JPNJP
30,,272039160030262,354568110787440,1,1,1,353853506459,0,11,,,,,,,9198470011,01041,12430,0,211117,154126,B,1097,000000,000000000,D,,00,00,03,,INDEK
20,,272039160030262,869341056207590,1,1,1,353853506459,0,11,,,,,,,5598800111,31150,60211,0,211117,154430,B,1087,000000,000000024,D,,03,00,00,,BRASP
30,,272039160030160,865885048992030,1,1,1,353853506459,0,11,,,,,,,9198900011,00390,63732,0,211117,151603,B,345,000000,000000000,D,,00,00,03,,INDA2
30,,272039160030160,358685098519620,1,1,1,353853506459,0,11,,,,,,,9198150011,31150,65019,0,211117,154854,B,662,000000,000000000,D,,00,00,03,,INDA9
30,,272039160030160,353169101417200,1,1,1,353853506459,0,11,,,,,,,3584510011,01021,63391,0,211117,155044,B,242,000000,000000000,D,,00,00,03,,FINRL
20,,272039160030262,867495039412500,1,1,1,353853506459,0,11,,,,,,,2376001111,01032,43718,0,211117,153557,B,1136,000000,000000527,D,,03,00,00,,CMRMT
20,,272039160030165,359144077540030,1,1,1,353853506459,0,11,,,,,,,4366400111,00380,63462,0,211117,155549,B,242,000000,000000001,D,,03,00,00,,LIEMK
30,,272039160030262,357771574865450,1,1,1,353853506459,0,11,,,,,,,6016001111,00340,43023,0,211117,160543,B,800,000000,000000000,D,,00,00,03,,MYSMT
20,,272039160030262,358558821119860,1,1,1,353853506459,0,11,,,,,,,3585000111,31121,61248,0,211117,160509,B,990,000000,000000001,D,,03,00,00,,FINES
30,,272039160030165,358558821119860,1,1,1,353853506459,0,11,,,,,,,8190500111,31121,61248,0,211117,160748,B,720,000000,000000000,D,,00,00,03,,JPNDO
30,,272039160030165,354568110787440,1,1,1,353853506459,0,11,,,,,,,1809850011,01041,13459,0,211117,161707,B,377,000000,000000000,D,,00,00,03,,DOM01
30,,272039160030165,350153274303290,1,1,1,353853506459,0,11,,,,,,,9198100011,01021,63395,0,211117,161259,B,653,000000,000000000,D,,00,00,03,,INDAT
20,,272039160030165,358685098519620,1,1,1,353853506459,0,11,,,,,,,1647380011,01061,32397,0,211117,161532,B,743,000000,000000177,D,,03,00,00,,CANBM
30,,272039160030262,359708824377160,1,1,1,353853506459,0,11,,,,,,,4540500111,31150,60211,0,211117,162627,B,1163,000000,000000000,D,,00,00,03,,DNKDM
20,,272039160030262,358558821119860,1,1,1,353853506459,0,11,,,,,,,1809850011,31121,61248,0,211117,162857,B,852,000000,000000010,D,,03,00,00,,DOM01
20,,272039160030165,352859309933310,1,1,1,353853506459,0,11,,,,,,,9627900111,31150,65019,0,211117,162828,B,346,000000,000000032,D,,03,00,00,,JORFL
20,,272039160030160,352859309933310,1,1,1,353853506459,0,11,,,,,,,3754400111,31150,65019,0,211117,163121,B,436,000000,000000011,D,,03,00,00,,BLRMD
20,,272039160030160,358558821119860,1,1,1,353853506459,0,11,,,,,,,2547500011,31121,61248,0,211117,163314,B,830,000000,000000037,D,,03,00,00,,KENEC
20,,272039160030262,357962107799200,1,1,1,353853506459,0,11,,,,,,,3369500111,31150,65019,0,211117,164153,B,148,000000,000000020,D,,03,00,00,,FRAFM
30,,272039160030160,865885048992030,1,1,1,353853506459,0,11,,,,,,,3162800111,00390,44023,0,211117,164204,B,990,000000,000000000,D,,00,00,03,,NLDDT
20,,272039160030262,352859309933310,1,1,1,353853506459,0,11,,,,,,,3469000111,31150,65019,0,211117,164216,B,71,000000,000000036,D,,03,00,00,,ESPTE
30,,272039160030262,869341056207590,1,1,1,353853506459,0,11,,,,,,,3548900111,31150,65019,0,211117,164007,B,206,000000,000000000,D,,00,00,03,,ISLPS
20,,272039160030165,358685098519620,1,1,1,353853506459,0,11,,,,,,,4230910011,01061,32397,0,211117,164751,B,296,000000,000000008,D,,03,00,00,,LIETG
30,,272039160030160,865885048992030,1,1,1,353853506459,0,11,,,,,,,9647500111,00390,44023,0,211117,164420,B,57,000000,000000000,D,,00,00,03,,IRQKK
20,,272039160030160,352859309933310,1,1,1,353853506459,0,11,,,,,,,8559700111,31150,65019,0,211117,165438,B,10,000000,000000010,D,,03,00,00,,KHMVC
20,,272039160030165,358685098519620,1,1,1,353853506459,0,11,,,,,,,4528001111,01061,32397,0,211117,164819,B,1090,000000,000000388,D,,03,00,00,,DNKIA
30,,272039160030262,358558821119860,1,1,1,353853506459,0,11,,,,,,,3569941046,01021,51269,0,211117,171032,B,357,000000,000000000,D,,00,00,03,,MLTMA
30,,272039160030262,356928101540340,1,1,1,353853506459,0,11,,,,,,,9197000011,31150,65019,0,211117,170600,B,483,000000,000000000,D,,00,00,03,,IND23
20,,272039160030262,353467110855550,1,1,1,353853506459,0,11,,,,,,,4747930011,31121,61248,0,211117,171033,B,92,000000,000000010,D,,03,00,00,,NORNN
30,,272039160030262,359847106259470,1,1,1,353853506459,0,11,,,,,,,3464800111,31121,61248,0,211117,171346,B,496,000000,000000000,D,,00,00,03,,ESPTE
20,,272039160030262,353019117623700,1,1,1,353853506459,0,11,,,,,,,1705001111,01021,49168,0,211117,171750,B,516,000000,000000084,D,,03,00,00,,CANRW
20,,272039160030160,358685098519620,1,1,1,353853506459,0,11,,,,,,,3547700111,31150,65019,0,211117,172219,B,224,000000,000000012,D,,03,00,00,,ISLNO
30,,272039160030160,356928101540340,1,1,1,353853506459,0,11,,,,,,,1778580011,01061,23974,0,211117,172218,B,1096,000000,000000000,D,,00,00,03,,CANTS
30,,272039160030160,863024051299230,1,1,1,353853506459,0,11,,,,,,,9197020011,01032,27445,0,211117,172732,B,767,000000,000000000,D,,00,00,03,,INDIM
30,,272039160030160,356082095755020,1,1,1,353853506459,0,11,,,,,,,9198270011,01021,51269,0,211117,173127,B,106,000000,000000000,D,,00,00,03,,INDRM
20,,272039160030262,357367094292350,1,1,1,353853506459,0,11,,,,,,,2335700111,00360,51471,0,211117,174445,B,297,000000,000000002,D,,03,00,00,,GHAMT
30,,272039160030165,865885048992030,1,1,1,353853506459,0,11,,,,,,,9689900111,00390,53421,0,211117,174440,B,811,000000,000000000,D,,00,00,03,,OMNGT
20,,272039160030160,357879820234670,1,1,1,353853506459,0,11,,,,,,,9180910011,01061,23974,0,211117,174902,B,518,000000,000000049,D,,03,00,00,,INDT4
20,,272039160030165,865885048992030,1,1,1,353853506459,0,11,,,,,,,3465400111,00390,53421,0,211117,175026,B,417,000000,000000027,D,,03,00,00,,ESPRT
20,,272039160030262,865885048992030,1,1,1,353853506459,0,11,,,,,,,3547700111,00390,53421,0,211117,175154,B,229,000000,000000001,D,,03,00,00,,ISLNO
20,,272039160030165,865885048992030,1,1,1,353853506459,0,11,,,,,,,8801700111,00390,53421,0,211117,175309,B,29,000000,000000001,D,,03,00,00,,BGDGP
20,,272039160030160,865885048992030,1,1,1,353853506459,0,11,,,,,,,9725400111,00390,47882,0,211117,175417,B,219,000000,000000001,D,,03,00,00,,ISR01
20,,272039160030165,354568110787440,1,1,1,353853506459,0,11,,,,,,,4365000111,01051,10400,0,211117,175453,B,491,000000,000000019,D,,03,00,00,,AUTTR
20,,272039160030160,353773291476030,1,1,1,353853506459,0,11,,,,,,,5511810011,01061,23974,0,211117,175817,B,62,000000,000000017,D,,03,00,00,,BRASP
20,,272039160030165,353773291476030,1,1,1,353853506459,0,11,,,,,,,5500200111,31150,65019,0,211117,175957,B,823,000000,000000005,D,,03,00,00,,BRARN
20,,272039160030262,865885048992030,1,1,1,353853506459,0,11,,,,,,,5966960011,00390,53421,0,211117,175537,B,533,000000,000000198,D,,03,00,00,,GLP01
30,,272039160030165,354568110787440,1,1,1,353853506459,0,11,,,,,,,9190920011,31101,51391,0,211117,180518,B,949,000000,000000000,D,,00,00,03,,INDIT
20,,272039160030262,356082095755020,1,1,1,353853506459,0,11,,,,,,,9197080011,01021,51553,0,211117,180425,B,1183,000000,000000045,D,,03,00,00,,INDIB
20,,272039160030160,356082095755020,1,1,1,353853506459,0,11,,,,,,,1438580011,01021,51553,0,211117,180617,B,479,000000,000000060,D,,03,00,00,,CANTE
20,,272039160030160,356082095755020,1,1,1,353853506459,0,11,,,,,,,9190280011,01021,51553,0,211117,180847,B,306,000000,000000119,D,,03,00,00,,INDT6
30,,272039160030160,865885048992030,1,1,1,353853506459,0,11,,,,,,,9180920011,00390,53421,0,211117,181440,B,498,000000,000000000,D,,00,00,03,,INDTR
20,,272039160030262,865885048992030,1,1,1,353853506459,0,11,,,,,,,3460900111,00390,53421,0,211117,180325,B,374,000000,000000323,D,,03,00,00,,ESPTE
30,,272039160030165,356163111681890,1,1,1,353853506459,0,11,,,,,,,8210200011,01061,63581,0,211117,181648,B,1117,000000,000000000,D,,00,00,03,,KORSK
20,,272039160030165,356163111681890,1,1,1,353853506459,0,11,,,,,,,2136600111,01061,63997,0,211117,182442,B,649,000000,000000009,D,,03,00,00,,DZAA1
30,,272039160030262,867129030789020,1,1,1,353853506459,0,11,,,,,,,4540100111,00340,45751,0,211117,182517,B,272,000000,000000000,D,,00,00,03,,DNKTD
30,,272039160030262,353467110855550,1,1,1,353853506459,0,11,,,,,,,9182600111,01021,37054,0,211117,183519,B,1069,000000,000000000,D,,00,00,03,,INDMP
30,,272039160030262,356392107931160,1,1,1,353853506459,0,11,,,,,,,5058100111,01061,23974,0,211117,183813,B,246,000000,000000000,D,,00,00,03,,NICMS
30,,272039160030160,356163111681890,1,1,1,353853506459,0,11,,,,,,,4917100111,01061,64793,0,211117,185818,B,269,000000,000000000,D,,00,00,03,,DEUD1
30,,272039160030160,359125101327230,1,1,1,353853506459,0,11,,,,,,,3620001111,00350,50632,0,211117,185715,B,483,000000,000000000,D,,00,00,03,,HUNH1
30,,272039160030262,351328117236330,1,1,1,353853506459,0,11,,,,,,,3460700111,01021,35598,0,211117,190759,B,512,000000,000000000,D,,00,00,03,,ESPAT
20,,272039160030165,352711095912070,1,1,1,353853506459,0,11,,,,,,,9198460011,00350,47962,0,211117,192751,B,344,000000,000000002,D,,03,00,00,,INDBK
20,,272039160030160,352711095912070,1,1,1,353853506459,0,11,,,,,,,5511850011,00350,47962,0,211117,192913,B,956,000000,000000002,D,,03,00,00,,BRASP
20,,272039160030160,358558821119860,1,1,1,353853506459,0,11,,,,,,,3736910011,01021,61172,0,211117,193112,B,509,000000,000000000,D,,03,00,00,,MDAVX
20,,272039160030165,866957039310790,1,1,1,353853506459,0,11,,,,,,,5294200111,01071,31755,0,211117,192931,B,1062,000000,000000173,D,,03,00,00,,MEXMS
20,,272039160030165,352711095912070,1,1,1,353853506459,0,11,,,,,,,5503100111,00350,41643,0,211117,193350,B,933,000000,000000019,D,,03,00,00,,BRATM
30,,272039160030165,351328117236330,1,1,1,353853506459,0,11,,,,,,,9198470011,01021,35598,0,211117,192542,B,859,000000,000000000,D,,00,00,03,,INDEK
30,,272039160030160,358685098519620,1,1,1,353853506459,0,11,,,,,,,9370001111,01061,32397,0,211117,193550,B,722,000000,000000000,D,,00,00,03,,AFGAW
20,,272039160030160,354127113753370,1,1,1,353853506459,0,11,,,,,,,9188700111,01021,63410,0,211117,193551,B,513,000000,000000268,D,,03,00,00,,INDIR
30,,272039160030262,865885048992030,1,1,1,353853506459,0,11,,,,,,,3725000111,00390,63732,0,211117,194955,B,174,000000,000000000,D,,00,00,03,,ESTEM
30,,272039160030262,359708824377160,1,1,1,353853506459,0,11,,,,,,,3859200111,01061,26444,0,211117,195846,B,140,000000,000000000,D,,00,00,03,,HRVVI
20,,272039160030262,869341056207590,1,1,1,353853506459,0,11,,,,,,,2309600111,01061,32246,0,211117,195659,B,1192,000000,000000242,D,,03,00,00,,MUSMT
30,,272039160030165,351328117237800,1,1,1,353853506459,0,11,,,,,,,1829300011,31122,61024,0,211117,201420,B,781,000000,000000000,D,,00,00,03,,DOMAC
30,,272039160030262,358360106327270,1,1,1,353853506459,0,11,,,,,,,5076000111,01021,61172,0,211117,203530,B,756,000000,000000000,D,,00,00,03,,PANDC
30,,272039160030160,356562086099770,1,1,1,353853506459,0,11,,,,,,,5598800111,01061,24585,0,211117,204046,B,989,000000,000000000,D,,00,00,03,,BRASP
30,,272039160030165,351328117237800,1,1,1,353853506459,0,11,,,,,,,8823200111,01021,25673,0,211117,214400,B,380,000000,000000000,D,,00,00,03,,NORMC
30,,272039160030160,353467110855550,1,1,1,353853506459,0,11,,,,,,,9768800111,01021,61628,0,211117,215338,B,1120,000000,000000000,D,,00,00,03,,MNGMN
30,,272039160030262,353552681993170,1,1,1,353853506459,0,11,,,,,,,9947000111,01021,61224,0,211117,215632,B,235,000000,000000000,D,,00,00,03,,AZEAF
20,,272039160030165,359042089706940,1,1,1,353853506459,0,11,,,,,,,8801600111,01021,37143,0,211118,001810,B,688,000000,000000000,D,,03,00,00,,BGDWT
20,,272039160030262,356562086099770,1,1,1,353853506459,0,11,,,,,,,9199650011,01061,23974,0,211118,041537,B,133,000000,000000004,D,,03,00,00,,INDAC
20,,272039160030262,356562086099770,1,1,1,353853506459,0,11,,,,,,,3548900111,31150,65019,0,211118,042009,B,61,000000,000000003,D,,03,00,00,,ISLPS
20,,272039160030160,356928101540340,1,1,1,353853506459,0,11,,,,,,,5561810011,01061,23239,0,211118,043148,B,812,000000,000000018,D,,03,00,00,,BRACS
90,SWEEP,IRLME,07466,215,211116052720,+0100,211118043148,+0100,8.54114,,