10,SWEEP,IRLME,07466,Y,00000000000000000000000000000000,,211118,211118,211118050158,+0100,02,,,02,050158,353,,
12,B,1213761
14,B,+0100
30,,272039160030160,358360106327270,1,1,1,20123456789,0,11,,,,,,,5926600111,31121,51022,0,211117,063429,B,336,000000,000000000,D,,00,00,03,,GUYUM
30,,272039160030165,353467110855550,1,1,1,112345678900,0,11,,,,,,,1441590011,31121,61248,0,211117,075528,B,942,000000,000000000,D,,00,00,03,,BMU01
30,,272039160030262,351826111859880,1,1,1,237123456789,0,11,,,,,,,5016100111,01051,10364,0,211117,080003,B,520,000000,000000000,D,,00,00,03,,BLZ67
20,,272039160030165,352859309933310,1,1,1,47123456789,0,11,,,,,,,5592800111,31150,65019,0,211117,080324,B,655,000000,000000001,D,,03,00,00,,BRARN
20,,272039160030165,352859309933310,1,1,1,47123456789,0,11,,,,,,,8829900111,31150,65019,0,211117,080343,B,892,000000,000000001,D,,03,00,00,,NORAM
30,,272039160030262,352859309933310,1,1,1,112345678900,0,11,,,,,,,2335700111,31150,65019,0,211117,080412,B,89,000000,000000000,D,,00,00,03,,GHAMT
30,,272039160030262,351826111859880,1,1,1,86123456789,0,11,,,,,,,2613400111,01051,10380,0,211117,080811,B,983,000000,000000000,D,,00,00,03,,MDGTM
30,,272039160030262,350153274303290,1,1,1,86123456789,0,11,,,,,,,5511850011,01021,63396,0,211117,081734,B,618,000000,000000000,D,,00,00,03,,BRASP
20,,272039160030165,359847106259470,1,1,1,237123456789,0,11,,,,,,,5026000111,31121,61248,0,211117,082558,B,173,000000,000000002,D,,03,00,00,,GTMTG
30,,272039160030160,359847106259470,1,1,1,222123456789,0,11,,,,,,,5562810011,31121,61248,0,211117,082621,B,216,000000,000000000,D,,00,00,03,,BRACS
20,,272039160030262,356928101540340,1,1,1,3412345678,0,11,,,,,,,3774000111,01061,14154,0,211117,082619,B,466,000000,000000026,D,,03,00,00,,MCOM2
30,,272039160030165,356928101540340,1,1,1,3412345678,0,11,,,,,,,1876001111,01061,14154,0,211117,082836,B,652,000000,000000000,D,,00,00,03,,JAMDC
20,,272039160030165,358360106327270,1,1,1,237123456789,0,11,,,,,,,9198220011,31121,48353,0,211117,083350,B,808,000000,000000036,D,,03,00,00,,INDBO
20,,272039160030262,353467110855550,1,1,1,5212345678,0,11,,,,,,,4206020011,01021,51269,0,211117,083723,B,462,000000,000000009,D,,03,00,00,,CZEET
20,,272039160030160,358360106327270,1,1,1,237123456789,0,11,,,,,,,9198240011,01021,60668,0,211117,083533,B,783,000000,000000049,D,,03,00,00,,INDBI
20,,272039160030262,358360106327270,1,1,1,353851234567,0,11,,,,,,,9198420011,31121,48353,0,211117,084336,B,688,000000,000000023,D,,03,00,00,,INDAC
20,,272039160030165,353467110855550,1,1,1,61123456789,0,11,,,,,,,9477001111,31121,61248,0,211117,084624,B,734,000000,000000012,D,,03,00,00,,LKADG
20,,272039160030160,356163111681890,1,1,1,3312345678,0,11,,,,,,,8190860011,31150,60321,0,211117,084509,B,1199,000000,000000067,D,,03,00,00,,JPNJP
20,,272039160030160,866511041354690,1,1,1,3312345678,0,11,,,,,,,3460900111,01021,51269,0,211117,085124,B,683,000000,000000003,D,,03,00,00,,ESPTE
20,,272039160030165,356163111681890,1,1,1,5212345678,0,11,,,,,,,9198970011,31150,60321,0,211117,085208,B,864,000000,000000027,D,,03,00,00,,INDA6
20,,272039160030262,358360106327270,1,1,1,61123456789,0,11,,,,,,,5026000111,31121,48353,0,211117,085652,B,852,000000,000000054,D,,03,00,00,,GTMTG
20,,272039160030262,356163111681890,1,1,1,3312345678,0,11,,,,,,,2016001111,10131,32641,0,211117,090516,B,547,000000,000000018,D,,03,00,00,,EGYMS
30,,272039160030165,354568110787440,1,1,1,47123456789,0,11,,,,,,,1705001111,01051,10281,0,211117,090221,B,692,000000,000000000,D,,00,00,03,,CANRW
20,,272039160030165,359708824377160,1,1,1,5212345678,0,11,,,,,,,4366400111,01061,34436,0,211117,091628,B,490,000000,000000038,D,,03,00,00,,AUTMK
30,,272039160030262,356163111681890,1,1,1,222123456789,0,11,,,,,,,3752970011,31150,59013,0,211117,092357,B,763,000000,000000000,D,,00,00,03,,BLR02
20,,272039160030262,353467110855550,1,1,1,222123456789,0,11,,,,,,,1876001111,01021,51269,0,211117,092951,B,744,000000,000000001,D,,03,00,00,,JAMDC
20,,272039160030160,352859309933310,1,1,1,86123456789,0,11,,,,,,,1876001111,01061,24265,0,211117,093122,B,2,000000,000000018,D,,03,00,00,,JAMDC
20,,272039160030165,358360106327270,1,1,1,47123456789,0,11,,,,,,,9198200111,31121,48353,0,211117,090227,B,1042,000000,000000767,D,,03,00,00,,INDB1
20,,272039160030160,359042089706940,1,1,1,20123456789,0,11,,,,,,,3465400111,01021,37100,0,211117,093101,B,920,000000,000000024,D,,03,00,00,,ESPRT
30,,272039160030165,353467110855550,1,1,1,12345678900,0,11,,,,,,,2126390011,31121,61248,0,211117,093128,B,518,000000,000000000,D,,00,00,03,,MARM1
30,,272039160030262,356928101540340,1,1,1,222123456789,0,11,,,,,,,5407900111,31150,65019,0,211117,094010,B,1030,000000,000000000,D,,00,00,03,,ARGTM
20,,272039160030165,867495039412500,1,1,1,237123456789,0,11,,,,,,,4369900111,00340,57462,0,211117,094322,B,558,000000,000000037,D,,03,00,00,,AUTCA
20,,272039160030262,353169101417200,1,1,1,5212345678,0,11,,,,,,,3584000111,01021,63391,0,211117,094822,B,794,000000,000000039,D,,03,00,00,,FINTF
30,,272039160030165,353169101417200,1,1,1,237123456789,0,11,,,,,,,4917600111,01021,63391,0,211117,095127,B,28,000000,000000000,D,,00,00,03,,DEUE2
20,,272039160030262,358685098519620,1,1,1,12345678900,0,11,,,,,,,1876001111,31150,65019,0,211117,095434,B,789,000000,000000031,D,,03,00,00,,JAMDC
30,,272039160030160,356163111681890,1,1,1,86123456789,0,11,,,,,,,4560900111,31150,60322,0,211117,095422,B,1097,000000,000000000,D,,00,00,03,,DNKTD
20,,272039160030165,358360106327270,1,1,1,222123456789,0,11,,,,,,,1829960011,01021,61172,0,211117,101748,B,405,000000,000000003,D,,03,00,00,,DOMCL
30,,272039160030262,353169101417200,1,1,1,5212345678,0,11,,,,,,,4479730011,01021,63391,0,211117,101805,B,966,000000,000000000,D,,00,00,03,,GBROR
30,,272039160030160,358558821119860,1,1,1,86123456789,0,11,,,,,,,1441336001,01021,51269,0,211117,102037,B,853,000000,000000000,D,,00,00,03,,BMUNI
30,,272039160030165,356163111681890,1,1,1,237123456789,0,11,,,,,,,9197620011,31150,60322,0,211117,101534,B,442,000000,000000000,D,,00,00,03,,IND24
20,,272039160030262,354127113753370,1,1,1,20123456789,0,11,,,,,,,8613000111,01021,48885,0,211117,102731,B,1118,000000,000000003,D,,03,00,00,,CHNCU
30,,272039160030160,358685098519620,1,1,1,86123456789,0,11,,,,,,,4477810011,01061,32397,0,211117,102730,B,1200,000000,000000000,D,,00,00,03,,GBRGT
20,,272039160030262,359708824377160,1,1,1,12345678900,0,11,,,,,,,9198970011,01061,13661,0,211117,102648,B,546,000000,000000085,D,,03,00,00,,INDA6
30,,272039160030165,353467110855550,1,1,1,47123456789,0,11,,,,,,,5501600111,01021,51269,0,211117,103223,B,999,000000,000000000,D,,00,00,03,,BRABT
30,,272039160030160,354127113753370,1,1,1,12345678900,0,11,,,,,,,9197020011,31121,63103,0,211117,103110,B,1032,000000,000000000,D,,00,00,03,,INDIM
20,,272039160030160,358685098519620,1,1,1,86123456789,0,11,,,,,,,4531100111,01061,32397,0,211117,103111,B,596,000000,000000169,D,,03,00,00,,DNKHU
20,,272039160030165,356163111681890,1,1,1,12345678900,0,11,,,,,,,4176001111,10131,32643,0,211117,104003,B,150,000000,000000028,D,,03,00,00,,CHEDX
20,,272039160030165,356163111681890,1,1,1,353851234567,0,11,,,,,,,1647580011,10131,32643,0,211117,104324,B,574,000000,000000023,D,,03,00,00,,CANTS
20,,272039160030160,354127113753370,1,1,1,3312345678,0,11,,,,,,,9198250011,31121,63103,0,211117,104542,B,63,000000,000000023,D,,03,00,00,,INDF1
30,,272039160030165,356163111681890,1,1,1,3312345678,0,11,,,,,,,4540500111,10131,32643,0,211117,104741,B,479,000000,000000000,D,,00,00,03,,DNKDM
20,,272039160030262,359708824377160,1,1,1,20123456789,0,11,,,,,,,4178001111,01061,14154,0,211117,104957,B,420,000000,000000061,D,,03,00,00,,CHEOR
30,,272039160030160,356163111681890,1,1,1,61123456789,0,11,,,,,,,1246200111,10131,32643,0,211117,105748,B,89,000000,000000000,D,,00,00,03,,BRBCW
20,,272039160030160,867495039412500,1,1,1,353851234567,0,11,,,,,,,9198220011,00320,55461,0,211117,105939,B,290,000000,000000031,D,,03,00,00,,INDBM
30,,272039160030262,356163111681890,1,1,1,112345678900,0,11,,,,,,,4917500111,10131,32643,0,211117,110309,B,759,000000,000000000,D,,00,00,03,,DEUD1
20,,272039160030262,867559036501640,1,1,1,61123456789,0,11,,,,,,,3630001111,00330,60211,0,211117,110157,B,98,000000,000000257,D,,03,00,00,,HUNH2
20,,272039160030160,356928101540340,1,1,1,86123456789,0,11,,,,,,,5581900111,31150,65019,0,211117,111202,B,336,000000,000000034,D,,03,00,00,,BRACS
30,,272039160030165,358360106327270,1,1,1,237123456789,0,11,,,,,,,5501000111,01021,61172,0,211117,111524,B,168,000000,000000000,D,,00,00,03,,BRAV1
30,,272039160030165,867495039412500,1,1,1,47123456789,0,11,,,,,,,5561810011,01041,54620,0,211117,111208,B,950,000000,000000000,D,,00,00,03,,BRACS
20,,272039160030160,867495039412500,1,1,1,91123456789,0,11,,,,,,,1778580011,01041,54499,0,211117,112611,B,549,000000,000000050,D,,03,00,00,,CANTS
20,,272039160030165,357771574865450,1,1,1,3312345678,0,11,,,,,,,1705001111,30140,41892,0,211117,110900,B,419,000000,000000583,D,,03,00,00,,CANRW
30,,272039160030165,356928101540340,1,1,1,3412345678,0,11,,,,,,,9190340011,31150,65019,0,211117,112955,B,321,000000,000000000,D,,00,00,03,,INDTH
20,,272039160030160,358685098519620,1,1,1,3312345678,0,11,,,,,,,3465600111,01061,34436,0,211117,113925,B,239,000000,000000035,D,,03,00,00,,ESPRT
20,,272039160030262,352859309933310,1,1,1,3412345678,0,11,,,,,,,1876001111,31150,65019,0,211117,114100,B,289,000000,000000001,D,,03,00,00,,JAMDC
20,,272039160030262,352859309933310,1,1,1,3412345678,0,11,,,,,,,9198900111,31150,65019,0,211117,114123,B,799,000000,000000000,D,,03,00,00,,INDID
30,,272039160030165,867495039412500,1,1,1,86123456789,0,11,,,,,,,2335700111,01041,54085,0,211117,113252,B,614,000000,000000000,D,,00,00,03,,GHAMT
20,,272039160030262,356163111681890,1,1,1,237123456789,0,11,,,,,,,1345990011,10131,32641,0,211117,114833,B,127,000000,000000034,D,,03,00,00,,CYMCW
30,,272039160030262,359458685424380,1,1,1,3312345678,0,11,,,,,,,8562070011,11104,16493,0,211117,115126,B,104,000000,000000000,D,,00,00,03,,LAOTL
30,,272039160030262,356392107931160,1,1,1,112345678900,0,11,,,,,,,2321200111,31150,65019,0,211117,115346,B,960,000000,000000000,D,,00,00,03,,AUTAT
30,,272039160030165,356392107931160,1,1,1,112345678900,0,11,,,,,,,9231001111,01061,23974,0,211117,115618,B,835,000000,000000000,D,,00,00,03,,PAKPL
30,,272039160030262,358685098519620,1,1,1,3412345678,0,11,,,,,,,2659900111,01061,14155,0,211117,115413,B,180,000000,000000000,D,,00,00,03,,MWICT
20,,272039160030160,354127113753370,1,1,1,3312345678,0,11,,,,,,,5294200111,31121,63103,0,211117,115413,B,219,000000,000000149,D,,03,00,00,,MEXMS
30,,272039160030160,359708824377160,1,1,1,20123456789,0,11,,,,,,,1869660011,31150,65019,0,211117,120331,B,159,000000,000000000,D,,00,00,03,,KNACW
30,,272039160030160,867495039412500,1,1,1,61123456789,0,11,,,,,,,3505800111,01041,54508,0,211117,120021,B,748,000000,000000000,D,,00,00,03,,GIBGT
20,,272039160030262,356392107931160,1,1,1,86123456789,0,11,,,,,,,9198890011,31150,65019,0,211117,121321,B,718,000000,000000001,D,,03,00,00,,INDIU
20,,272039160030160,356392107931160,1,1,1,222123456789,0,11,,,,,,,3584000111,01061,23974,0,211117,121429,B,959,000000,000000018,D,,03,00,00,,FINTF
20,,272039160030165,359042089706940,1,1,1,222123456789,0,11,,,,,,,4478700011,01021,37100,0,211117,121738,B,56,000000,000000044,D,,03,00,00,,GBROR
30,,272039160030160,352859309933310,1,1,1,5212345678,0,11,,,,,,,4367600111,31150,65019,0,211117,122349,B,1027,000000,000000000,D,,00,00,03,,AUTMM
20,,272039160030262,356392107931160,1,1,1,20123456789,0,11,,,,,,,5372640011,01061,23974,0,211117,123019,B,275,000000,000000000,D,,03,00,00,,CUB01
20,,272039160030160,356392107931160,1,1,1,222123456789,0,11,,,,,,,5500600111,01061,23974,0,211117,123038,B,567,000000,000000044,D,,03,00,00,,BRAV2
20,,272039160030160,358685098519620,1,1,1,5212345678,0,11,,,,,,,9478001111,01061,20891,0,211117,120548,B,203,000000,000000784,D,,03,00,00,,LKAHT
20,,272039160030160,354568110787440,1,1,1,20123456789,0,11,,,,,,,4915100111,01041,12430,0,211117,123731,B,573,000000,000000021,D,,03,00,00,,DEUD1
30,,272039160030160,359042089706940,1,1,1,47123456789,0,11,,,,,,,9768800111,01021,37112,0,211117,124636,B,788,000000,000000000,D,,00,00,03,,MNGMN
20,,272039160030165,356082095755020,1,1,1,91123456789,0,11,,,,,,,5582900111,01021,51269,0,211117,125124,B,1199,000000,000000001,D,,03,00,00,,BRARN
30,,272039160030262,356082095755020,1,1,1,3312345678,0,11,,,,,,,3463000111,01021,51269,0,211117,125200,B,543,000000,000000000,D,,00,00,03,,ESPTE
20,,272039160030160,354568110787440,1,1,1,47123456789,0,11,,,,,,,9198920011,01041,13459,0,211117,125028,B,931,000000,000000088,D,,03,00,00,,INDA1
20,,272039160030165,356392107931160,1,1,1,20123456789,0,11,,,,,,,8529200111,01061,23974,0,211117,125224,B,1052,000000,000000039,D,,03,00,00,,HKGNW
30,,272039160030165,353773291476030,1,1,1,61123456789,0,11,,,,,,,1829990011,31150,65019,0,211117,130053,B,847,000000,000000000,D,,00,00,03,,DOMCL
20,,272039160030262,350396265316870,1,1,1,12345678900,0,11,,,,,,,3460600111,01021,38113,0,211117,130129,B,1055,000000,000000002,D,,03,00,00,,ESPTE
20,,272039160030165,358558821119860,1,1,1,86123456789,0,11,,,,,,,5199440011,31121,61248,0,211117,130310,B,105,000000,000000025,D,,03,00,00,,PERMO
20,,272039160030262,350396265316870,1,1,1,222123456789,0,11,,,,,,,6016001111,01021,37116,0,211117,130930,B,958,000000,000000093,D,,03,00,00,,MYSMT
30,,272039160030262,354568110787440,1,1,1,237123456789,0,11,,,,,,,3579900111,01041,13459,0,211117,131236,B,906,000000,000000000,D,,00,00,03,,CYPCT
20,,272039160030160,869341056207590,1,1,1,222123456789,0,11,,,,,,,3736910011,31150,65019,0,211117,131853,B,234,000000,000000034,D,,03,00,00,,MDAVX
30,,272039160030165,358685098519620,1,1,1,47123456789,0,11,,,,,,,4207790011,31150,65019,0,211117,131511,B,674,000000,000000000,D,,00,00,03,,CZECM
20,,272039160030165,353773291476030,1,1,1,3412345678,0,11,,,,,,,9231001111,31150,65019,0,211117,132314,B,967,000000,000000015,D,,03,00,00,,PAKPL
20,,272039160030160,869341056207590,1,1,1,3412345678,0,11,,,,,,,9180920011,01061,14154,0,211117,132046,B,542,000000,000000057,D,,03,00,00,,INDTR
20,,272039160030165,359316108892530,1,1,1,112345678900,0,11,,,,,,,3897500111,00360,56852,0,211117,132332,B,936,000000,000000004,D,,03,00,00,,MKDCC
20,,272039160030160,865885048992030,1,1,1,5212345678,0,11,,,,,,,3937700111,00390,44023,0,211117,132652,B,440,000000,000000079,D,,03,00,00,,ITAOM
20,,272039160030262,356163111681890,1,1,1,3412345678,0,11,,,,,,,2377001111,10131,32643,0,211117,133144,B,249,000000,000000012,D,,03,00,00,,CMRMT
20,,272039160030160,356580107936460,1,1,1,3312345678,0,11,,,,,,,6014300111,00350,40592,0,211117,133626,B,97,000000,000000002,D,,03,00,00,,MYSMR
20,,272039160030160,354141338896330,1,1,1,353851234567,0,11,,,,,,,2648100111,01071,34156,0,211117,133545,B,702,000000,000000086,D,,03,00,00,,NAM01
30,,272039160030160,865885048992030,1,1,1,91123456789,0,11,,,,,,,6141100111,00390,44023,0,211117,133617,B,270,000000,000000000,D,,00,00,03,,AUSOP
20,,272039160030160,353169101417200,1,1,1,237123456789,0,11,,,,,,,4365000111,01021,63391,0,211117,134856,B,551,000000,000000000,D,,03,00,00,,AUTPT
20,,272039160030262,353169101417200,1,1,1,61123456789,0,11,,,,,,,5541990011,01021,63391,0,211117,134917,B,1175,000000,000000000,D,,03,00,00,,BRACS
30,,272039160030160,358558821119860,1,1,1,112345678900,0,11,,,,,,,9198110011,31121,61248,0,211117,135531,B,670,000000,000000000,D,,00,00,03,,INDE1
20,,272039160030160,867129030789020,1,1,1,112345678900,0,11,,,,,,,5434001111,00350,46292,0,211117,135941,B,667,000000,000000002,D,,03,00,00,,ARGTP
20,,272039160030165,865885048992030,1,1,1,61123456789,0,11,,,,,,,4917100111,00390,44023,0,211117,140312,B,731,000000,000000014,D,,03,00,00,,DEUD1
20,,272039160030160,351779112673880,1,1,1,61123456789,0,11,,,,,,,4206080011,01091,56678,0,211117,140939,B,609,000000,000000001,D,,03,00,00,,CZECM
30,,272039160030262,353169101417200,1,1,1,3312345678,0,11,,,,,,,3598700111,31121,48303,0,211117,141125,B,963,000000,000000000,D,,00,00,03,,BGRVA
20,,272039160030262,865885048992030,1,1,1,61123456789,0,11,,,,,,,9198820011,00390,53421,0,211117,140943,B,505,000000,000000005,D,,03,00,00,,INDIH
30,,272039160030165,353169101417200,1,1,1,12345678900,0,11,,,,,,,3826700111,01021,63391,0,211117,141218,B,515,000000,000000000,D,,00,00,03,,MNETM
20,,272039160030262,359042089706940,1,1,1,222123456789,0,11,,,,,,,36311431,01021,37112,0,211117,141408,B,1143,000000,000000048,D,,03,00,00,,HUNH2
30,,272039160030262,358558821119860,1,1,1,3312345678,0,11,,,,,,,4237900111,31121,61248,0,211117,141849,B,1148,000000,000000000,D,,00,00,03,,LIEMK
20,,272039160030262,865885048992030,1,1,1,61123456789,0,11,,,,,,,5043900111,00390,44023,0,211117,141223,B,792,000000,000000195,D,,03,00,00,,HNDME
20,,272039160030165,358558821119860,1,1,1,91123456789,0,11,,,,,,,3763001111,31121,61248,0,211117,142019,B,376,000000,000000006,D,,03,00,00,,ANDMA
30,,272039160030160,353773291476030,1,1,1,12345678900,0,11,,,,,,,3569400111,31150,65019,0,211117,142448,B,802,000000,000000000,D,,00,00,03,,MLTTL
20,,272039160030160,357771574865450,1,1,1,86123456789,0,11,,,,,,,1809850011,00340,53431,0,211117,143050,B,575,000000,000000011,D,,03,00,00,,DOM01
20,,272039160030160,358558821119860,1,1,1,3312345678,0,11,,,,,,,9190880011,01021,51277,0,211117,143100,B,308,000000,000000022,D,,03,00,00,,INDIK
30,,272039160030160,869341056207590,1,1,1,5212345678,0,11,,,,,,,4366400111,31150,65019,0,211117,143840,B,181,000000,000000000,D,,00,00,03,,LIEMK
30,,272039160030160,356163111681890,1,1,1,3312345678,0,11,,,,,,,2648100111,31150,60322,0,211117,143905,B,1011,000000,000000000,D,,00,00,03,,NAM01
30,,272039160030160,356928101540340,1,1,1,3312345678,0,11,,,,,,,5999690011,31150,65019,0,211117,143715,B,113,000000,000000000,D,,00,00,03,,ANTCT
20,,272039160030160,358558821119860,1,1,1,3312345678,0,11,,,,,,,1876001111,01021,13305,0,211117,144209,B,562,000000,000000019,D,,03,00,00,,JAMDC
20,,272039160030262,358685098519620,1,1,1,5212345678,0,11,,,,,,,3859100111,31150,65019,0,211117,144417,B,664,000000,000000003,D,,03,00,00,,HRVVI
20,,272039160030165,869341056207590,1,1,1,112345678900,0,11,,,,,,,6016001111,31150,65019,0,211117,144432,B,1017,000000,000000002,D,,03,00,00,,MYSMT
30,,272039160030262,354127113753370,1,1,1,112345678900,0,11,,,,,,,1809850011,31121,61261,0,211117,144416,B,1145,000000,000000000,D,,00,00,03,,DOM01
20,,272039160030165,356928101540340,1,1,1,20123456789,0,11,,,,,,,1876001111,31150,65019,0,211117,144423,B,311,000000,000000027,D,,03,00,00,,JAMDC
20,,272039160030165,867129030789020,1,1,1,5212345678,0,11,,,,,,,5119500111,00340,45752,0,211117,145830,B,862,000000,000000002,D,,03,00,00,,PERMO
20,,272039160030165,869341056207590,1,1,1,12345678900,0,11,,,,,,,9198440011,01061,20897,0,211117,145917,B,286,000000,000000003,D,,03,00,00,,INDSK
20,,272039160030165,357367094292350,1,1,1,47123456789,0,11,,,,,,,4540500111,00360,46322,0,211117,150411,B,417,000000,000000002,D,,03,00,00,,DNKDM
20,,272039160030165,359847106259470,1,1,1,12345678900,0,11,,,,,,,1441590011,31121,61248,0,211117,150441,B,990,000000,000000033,D,,03,00,00,,BMU01
30,,272039160030262,867129030789020,1,1,1,91123456789,0,11,,,,,,,1438270011,00340,45751,0,211117,150957,B,1088,000000,000000000,D,,00,00,03,,CANBM
20,,272039160030262,352859309933310,1,1,1,112345678900,0,11,,,,,,,4179001111,31150,65019,0,211117,151128,B,731,000000,000000018,D,,03,00,00,,CHEC1
20,,272039160030262,865885048992030,1,1,1,237123456789,0,11,,,,,,,1876001111,00390,63732,0,211117,144156,B,327,000000,000000833,D,,03,00,00,,JAMDC
20,,272039160030160,869341056207590,1,1,1,353851234567,0,11,,,,,,,4365000111,31150,60211,0,211117,151757,B,628,000000,000000002,D,,03,00,00,,AUTPT
30,,272039160030262,869341056207590,1,1,1,353851234567,0,11,,,,,,,2011001111,31150,60211,0,211117,152749,B,554,000000,000000000,D,,00,00,03,,EGYEM
30,,272039160030262,354568110787440,1,1,1,112345678900,0,11,,,,,,,5591800111,01041,12430,0,211117,154126,B,770,000000,000000000,D,,00,00,03,,BRARN
20,,272039160030165,869341056207590,1,1,1,5212345678,0,11,,,,,,,6019001111,31150,60211,0,211117,154430,B,926,000000,000000024,D,,03,00,00,,MYSCC
30,,272039160030165,865885048992030,1,1,1,20123456789,0,11,,,,,,,9190330011,00390,63732,0,211117,151603,B,563,000000,000000000,D,,00,00,03,,INDTG
30,,272039160030262,358685098519620,1,1,1,86123456789,0,11,,,,,,,9198910011,31150,65019,0,211117,154854,B,472,000000,000000000,D,,00,00,03,,INDID
30,,272039160030165,353169101417200,1,1,1,3312345678,0,11,,,,,,,3165300111,01021,63391,0,211117,155044,B,911,000000,000000000,D,,00,00,03,,NLDTM
20,,272039160030160,867495039412500,1,1,1,3412345678,0,11,,,,,,,9194300111,01032,43718,0,211117,153557,B,914,000000,000000527,D,,03,00,00,,INDWB
20,,272039160030160,359144077540030,1,1,1,61123456789,0,11,,,,,,,5026000111,00380,63462,0,211117,155549,B,174,000000,000000001,D,,03,00,00,,GTMTG
30,,272039160030262,357771574865450,1,1,1,86123456789,0,11,,,,,,,4915100111,00340,43023,0,211117,160543,B,1133,000000,000000000,D,,00,00,03,,DEUD1
20,,272039160030165,358558821119860,1,1,1,47123456789,0,11,,,,,,,9197230011,31121,61248,0,211117,160509,B,325,000000,000000001,D,,03,00,00,,INDSK
30,,272039160030160,358558821119860,1,1,1,353851234567,0,11,,,,,,,1876001111,31121,61248,0,211117,160748,B,738,000000,000000000,D,,00,00,03,,JAMDC
30,,272039160030165,354568110787440,1,1,1,61123456789,0,11,,,,,,,4476240011,01041,13459,0,211117,161707,B,891,000000,000000000,D,,00,00,03,,GBRMT
30,,272039160030165,350153274303290,1,1,1,353851234567,0,11,,,,,,,9199650011,01021,63395,0,211117,161259,B,1019,000000,000000000,D,,00,00,03,,INDAC
20,,272039160030165,358685098519620,1,1,1,3412345678,0,11,,,,,,,3584576001,01061,32397,0,211117,161532,B,760,000000,000000177,D,,03,00,00,,FINTA
30,,272039160030165,359708824377160,1,1,1,222123456789,0,11,,,,,,,3620001111,31150,60211,0,211117,162627,B,577,000000,000000000,D,,00,00,03,,HUNH1
20,,272039160030165,358558821119860,1,1,1,12345678900,0,11,,,,,,,3897500111,31121,61248,0,211117,162857,B,642,000000,000000010,D,,03,00,00,,MKDCC
20,,272039160030160,352859309933310,1,1,1,61123456789,0,11,,,,,,,2317001111,31150,65019,0,211117,162828,B,117,000000,000000032,D,,03,00,00,,LBR07
20,,272039160030160,352859309933310,1,1,1,353851234567,0,11,,,,,,,8559700111,31150,65019,0,211117,163121,B,416,000000,000000011,D,,03,00,00,,KHMVC
20,,272039160030262,358558821119860,1,1,1,222123456789,0,11,,,,,,,9190280011,31121,61248,0,211117,163314,B,54,000000,000000037,D,,03,00,00,,INDT6
20,,272039160030165,357962107799200,1,1,1,20123456789,0,11,,,,,,,4369900111,31150,65019,0,211117,164153,B,450,000000,000000020,D,,03,00,00,,AUTCA
30,,272039160030160,865885048992030,1,1,1,86123456789,0,11,,,,,,,3546500011,00390,44023,0,211117,164204,B,178,000000,000000000,D,,00,00,03,,ISLVW
20,,272039160030165,352859309933310,1,1,1,47123456789,0,11,,,,,,,8551600111,31150,65019,0,211117,164216,B,789,000000,000000036,D,,03,00,00,,KHMSM
30,,272039160030165,869341056207590,1,1,1,86123456789,0,11,,,,,,,5946940011,31150,65019,0,211117,164007,B,768,000000,000000000,D,,00,00,03,,GLP01
20,,272039160030160,358685098519620,1,1,1,5212345678,0,11,,,,,,,1876001111,01061,32397,0,211117,164751,B,7,000000,000000008,D,,03,00,00,,JAMDC
30,,272039160030160,865885048992030,1,1,1,353851234567,0,11,,,,,,,3469700111,00390,44023,0,211117,164420,B,448,000000,000000000,D,,00,00,03,,ESPAT
20,,272039160030160,352859309933310,1,1,1,112345678900,0,11,,,,,,,3584400111,31150,65019,0,211117,165438,B,25,000000,000000010,D,,03,00,00,,FIN2G
20,,272039160030262,358685098519620,1,1,1,61123456789,0,11,,,,,,,4237800111,01061,32397,0,211117,164819,B,513,000000,000000388,D,,03,00,00,,LIEVE
30,,272039160030262,358558821119860,1,1,1,47123456789,0,11,,,,,,,4528130011,01021,51269,0,211117,171032,B,514,000000,000000000,D,,00,00,03,,DNKIA
30,,272039160030262,356928101540340,1,1,1,5212345678,0,11,,,,,,,4369900111,31150,65019,0,211117,170600,B,520,000000,000000000,D,,00,00,03,,AUTCA
20,,272039160030160,353467110855550,1,1,1,237123456789,0,11,,,,,,,9190900011,31121,61248,0,211117,171033,B,100,000000,000000010,D,,03,00,00,,INDIO
30,,272039160030165,359847106259470,1,1,1,3412345678,0,11,,,,,,,9198470011,31121,61248,0,211117,171346,B,1008,000000,000000000,D,,00,00,03,,INDEK
20,,272039160030262,353019117623700,1,1,1,20123456789,0,11,,,,,,,8536340011,01021,49168,0,211117,171750,B,100,000000,000000084,D,,03,00,00,,MACHT
20,,272039160030165,358685098519620,1,1,1,112345678900,0,11,,,,,,,3469000111,31150,65019,0,211117,172219,B,757,000000,000000012,D,,03,00,00,,ESPTE
30,,272039160030262,356928101540340,1,1,1,5212345678,0,11,,,,,,,5547990011,01061,23974,0,211117,172218,B,24,000000,000000000,D,,00,00,03,,BRACS
30,,272039160030160,863024051299230,1,1,1,61123456789,0,11,,,,,,,3520910011,01032,27445,0,211117,172732,B,500,000000,000000000,D,,00,00,03,,LUXTG
30,,272039160030160,356082095755020,1,1,1,112345678900,0,11,,,,,,,6421001111,01021,51269,0,211117,173127,B,624,000000,000000000,D,,00,00,03,,NZLBS
20,,272039160030165,357367094292350,1,1,1,237123456789,0,11,,,,,,,3916200111,00360,51471,0,211117,174445,B,871,000000,000000002,D,,03,00,00,,ITAH3
30,,272039160030160,865885048992030,1,1,1,20123456789,0,11,,,,,,,6427743001,00390,53421,0,211117,174440,B,894,000000,000000000,D,,00,00,03,,NZLTM
20,,272039160030165,357879820234670,1,1,1,47123456789,0,11,,,,,,,3620001111,01061,23974,0,211117,174902,B,762,000000,000000049,D,,03,00,00,,HUNH1
20,,272039160030165,865885048992030,1,1,1,20123456789,0,11,,,,,,,5561810011,00390,53421,0,211117,175026,B,485,000000,000000027,D,,03,00,00,,BRACS
20,,272039160030160,865885048992030,1,1,1,61123456789,0,11,,,,,,,6424300111,00390,53421,0,211117,175154,B,124,000000,000000001,D,,03,00,00,,NZLNH
20,,272039160030160,865885048992030,1,1,1,20123456789,0,11,,,,,,,9198430011,00390,53421,0,211117,175309,B,248,000000,000000001,D,,03,00,00,,INDCC
20,,272039160030262,865885048992030,1,1,1,86123456789,0,11,,,,,,,3932000111,00390,47882,0,211117,175417,B,90,000000,000000001,D,,03,00,00,,ITAWI
20,,272039160030262,354568110787440,1,1,1,3312345678,0,11,,,,,,,3935190011,01051,10400,0,211117,175453,B,940,000000,000000019,D,,03,00,00,,ITAFM
20,,272039160030165,353773291476030,1,1,1,353851234567,0,11,,,,,,,9725000111,01061,23974,0,211117,175817,B,713,000000,000000017,D,,03,00,00,,ISRPL
20,,272039160030262,353773291476030,1,1,1,5212345678,0,11,,,,,,,6424100111,31150,65019,0,211117,175957,B,290,000000,000000005,D,,03,00,00,,NZLNH
20,,272039160030262,865885048992030,1,1,1,112345678900,0,11,,,,,,,6014900111,00390,53421,0,211117,175537,B,398,000000,000000198,D,,03,00,00,,MYSMR
30,,272039160030160,354568110787440,1,1,1,61123456789,0,11,,,,,,,8190500111,31101,51391,0,211117,180518,B,1187,000000,000000000,D,,00,00,03,,JPNDO
20,,272039160030262,356082095755020,1,1,1,61123456789,0,11,,,,,,,4915750011,01021,51553,0,211117,180425,B,487,000000,000000045,D,,03,00,00,,DEUE1
20,,272039160030165,356082095755020,1,1,1,86123456789,0,11,,,,,,,5294200111,01021,51553,0,211117,180617,B,1139,000000,000000060,D,,03,00,00,,MEXMS
20,,272039160030262,356082095755020,1,1,1,222123456789,0,11,,,,,,,4531300011,01021,51553,0,211117,180847,B,650,000000,000000119,D,,03,00,00,,DNKHU
30,,272039160030262,865885048992030,1,1,1,222123456789,0,11,,,,,,,3584510011,00390,53421,0,211117,181440,B,1030,000000,000000000,D,,00,00,03,,FINES
20,,272039160030165,865885048992030,1,1,1,61123456789,0,11,,,,,,,6016001111,00390,53421,0,211117,180325,B,822,000000,000000323,D,,03,00,00,,MYSMR
30,,272039160030165,356163111681890,1,1,1,112345678900,0,11,,,,,,,3598900111,01061,63581,0,211117,181648,B,602,000000,000000000,D,,00,00,03,,BGRCM
20,,272039160030165,356163111681890,1,1,1,3312345678,0,11,,,,,,,4917500111,01061,63997,0,211117,182442,B,1130,000000,000000009,D,,03,00,00,,DEUD1
30,,272039160030262,867129030789020,1,1,1,353851234567,0,11,,,,,,,3725500111,00340,45751,0,211117,182517,B,59,000000,000000000,D,,00,00,03,,ESTRB
30,,272039160030262,353467110855550,1,1,1,47123456789,0,11,,,,,,,9198900111,01021,37054,0,211117,183519,B,477,000000,000000000,D,,00,00,03,,INDMT
30,,272039160030262,356392107931160,1,1,1,12345678900,0,11,,,,,,,5076000111,01061,23974,0,211117,183813,B,473,000000,000000000,D,,00,00,03,,PANDC
30,,272039160030165,356163111681890,1,1,1,112345678900,0,11,,,,,,,2376001111,01061,64793,0,211117,185818,B,758,000000,000000000,D,,00,00,03,,CMRMT
30,,272039160030165,359125101327230,1,1,1,12345678900,0,11,,,,,,,4531100111,00350,50632,0,211117,185715,B,283,000000,000000000,D,,00,00,03,,DNKHU
30,,272039160030165,351328117236330,1,1,1,353851234567,0,11,,,,,,,2348030011,01021,35598,0,211117,190759,B,423,000000,000000000,D,,00,00,03,,NGAMN
20,,272039160030262,352711095912070,1,1,1,3312345678,0,11,,,,,,,9190290011,00350,47962,0,211117,192751,B,243,000000,000000002,D,,03,00,00,,INDTM
20,,272039160030262,352711095912070,1,1,1,112345678900,0,11,,,,,,,9609600111,00350,47962,0,211117,192913,B,550,000000,000000002,D,,03,00,00,,MDVWM
20,,272039160030160,358558821119860,1,1,1,86123456789,0,11,,,,,,,3826700111,01021,61172,0,211117,193112,B,207,000000,000000000,D,,03,00,00,,MNETM
20,,272039160030165,866957039310790,1,1,1,222123456789,0,11,,,,,,,9190280011,01071,31755,0,211117,192931,B,7,000000,000000173,D,,03,00,00,,INDT6
20,,272039160030165,352711095912070,1,1,1,86123456789,0,11,,,,,,,1587580011,00350,41643,0,211117,193350,B,975,000000,000000019,D,,03,00,00,,CANTS
30,,272039160030262,351328117236330,1,1,1,112345678900,0,11,,,,,,,9190440011,01021,35598,0,211117,192542,B,341,000000,000000000,D,,00,00,03,,INDT7
30,,272039160030165,358685098519620,1,1,1,86123456789,0,11,,,,,,,9198970011,01061,32397,0,211117,193550,B,1083,000000,000000000,D,,00,00,03,,INDA6
20,,272039160030262,354127113753370,1,1,1,12345678900,0,11,,,,,,,8613000111,01021,63410,0,211117,193551,B,491,000000,000000268,D,,03,00,00,,CHNCU
30,,272039160030165,865885048992030,1,1,1,5212345678,0,11,,,,,,,9607700111,00390,63732,0,211117,194955,B,1102,000000,000000000,D,,00,00,03,,MDV01
30,,272039160030165,359708824377160,1,1,1,86123456789,0,11,,,,,,,9725400111,01061,26444,0,211117,195846,B,810,000000,000000000,D,,00,00,03,,ISR01
20,,272039160030262,869341056207590,1,1,1,47123456789,0,11,,,,,,,8562070011,01061,32246,0,211117,195659,B,824,000000,000000242,D,,03,00,00,,LAOTL
30,,272039160030165,351328117237800,1,1,1,86123456789,0,11,,,,,,,3937700111,31122,61024,0,211117,201420,B,531,000000,000000000,D,,00,00,03,,ITAOM
30,,272039160030165,358360106327270,1,1,1,20123456789,0,11,,,,,,,8190860011,01021,61172,0,211117,203530,B,65,000000,000000000,D,,00,00,03,,JPNJP
30,,272039160030165,356562086099770,1,1,1,5212345678,0,11,,,,,,,4917500111,01061,24585,0,211117,204046,B,1187,000000,000000000,D,,00,00,03,,DEUD1
30,,272039160030160,351328117237800,1,1,1,61123456789,0,11,,,,,,,4917000111,01021,25673,0,211117,214400,B,615,000000,000000000,D,,00,00,03,,DEUD1
30,,272039160030262,353467110855550,1,1,1,61123456789,0,11,,,,,,,4550600111,01021,61628,0,211117,215338,B,471,000000,000000000,D,,00,00,03,,DNKTD
30,,272039160030262,353552681993170,1,1,1,12345678900,0,11,,,,,,,4477970011,01021,61224,0,211117,215632,B,1038,000000,000000000,D,,00,00,03,,GBRJT
20,,272039160030165,359042089706940,1,1,1,3312345678,0,11,,,,,,,1876001111,01021,37143,0,211118,001810,B,493,000000,000000000,D,,03,00,00,,JAMDC
20,,272039160030165,356562086099770,1,1,1,12345678900,0,11,,,,,,,6424100111,01061,23974,0,211118,041537,B,564,000000,000000004,D,,03,00,00,,NZLNH
20,,272039160030165,356562086099770,1,1,1,3312345678,0,11,,,,,,,9198980011,31150,65019,0,211118,042009,B,1176,000000,000000003,D,,03,00,00,,INDA3
20,,272039160030160,356928101540340,1,1,1,112345678900,0,11,,,,,,,3584510011,01061,23239,0,211118,043148,B,340,000000,000000018,D,,03,00,00,,FINES
90,SWEEP,IRLME,07466,215,211116052720,+0100,211118043148,+0100,8.54114,,