10,SWEEP,IRLME,07466,Y,00000000000000000000000000000000,,211118,211118,211118050158,+0100,02,,,02,050158,353,,
12,B,1213761
14,B,+0100
30,,272039160030160,358360106327270,1,1,1,222123456789,0,11,,,,,,,6427000000,31121,51022,0,211117,063429,B,438,000000,000000000,D,,00,00,03,,NZLNH
30,,272039160030160,353467110855550,1,1,1,237123456789,0,11,,,,,,,1809000000,31121,61248,0,211117,075528,B,580,000000,000000000,D,,00,00,03,,DOM01
30,,272039160030160,351826111859880,1,1,1,3312345678,0,11,,,,,,,9725400000,01051,10364,0,211117,080003,B,982,000000,000000000,D,,00,00,03,,ISR01
20,,272039160030160,352859309933310,1,1,1,353851234567,0,11,,,,,,,5500600000,31150,65019,0,211117,080324,B,1175,000000,000000001,D,,03,00,00,,BRAV2
20,,272039160030160,352859309933310,1,1,1,12345678900,0,11,,,,,,,3548900000,31150,65019,0,211117,080343,B,576,000000,000000001,D,,03,00,00,,AAMOW
30,,272039160030160,352859309933310,1,1,1,5212345678,0,11,,,,,,,3585000000,31150,65019,0,211117,080412,B,967,000000,000000000,D,,00,00,03,,FINRL
30,,272039160030160,351826111859880,1,1,1,237123456789,0,11,,,,,,,9768800000,01051,10380,0,211117,080811,B,241,000000,000000000,D,,00,00,03,,MNGMN
30,,272039160030160,350153274303290,1,1,1,47123456789,0,11,,,,,,,3247500000,01021,63396,0,211117,081734,B,534,000000,000000000,D,,00,00,03,,BELTB
20,,272039160030160,359847106259470,1,1,1,20123456789,0,11,,,,,,,5501000000,31121,61248,0,211117,082558,B,999,000000,000000002,D,,03,00,00,,BRAV1
30,,272039160030160,359847106259470,1,1,1,237123456789,0,11,,,,,,,9198480000,31121,61248,0,211117,082621,B,717,000000,000000000,D,,00,00,03,,INDIT
20,,272039160030160,356928101540340,1,1,1,20123456789,0,11,,,,,,,9190430000,01061,14154,0,211117,082619,B,355,000000,000000026,D,,03,00,00,,INDT2
30,,272039160030160,356928101540340,1,1,1,5212345678,0,11,,,,,,,4477970000,01061,14154,0,211117,082836,B,320,000000,000000000,D,,00,00,03,,GBRJT
20,,272039160030160,358360106327270,1,1,1,237123456789,0,11,,,,,,,1809000000,31121,48353,0,211117,083350,B,949,000000,000000036,D,,03,00,00,,DOM01
20,,272039160030160,353467110855550,1,1,1,91123456789,0,11,,,,,,,3462200000,01021,51269,0,211117,083723,B,287,000000,000000009,D,,03,00,00,,ESPXF
20,,272039160030160,358360106327270,1,1,1,237123456789,0,11,,,,,,,8562070000,01021,60668,0,211117,083533,B,611,000000,000000049,D,,03,00,00,,LAOTL
20,,272039160030160,358360106327270,1,1,1,3412345678,0,11,,,,,,,8562070000,31121,48353,0,211117,084336,B,57,000000,000000023,D,,03,00,00,,LAOTL
20,,272039160030160,353467110855550,1,1,1,86123456789,0,11,,,,,,,5048900000,31121,61248,0,211117,084624,B,831,000000,000000012,D,,03,00,00,,HNDDC
20,,272039160030160,356163111681890,1,1,1,12345678900,0,11,,,,,,,6019000000,31150,60321,0,211117,084509,B,91,000000,000000067,D,,03,00,00,,MYSCC
20,,272039160030160,866511041354690,1,1,1,112345678900,0,11,,,,,,,5595800000,01021,51269,0,211117,085124,B,151,000000,000000003,D,,03,00,00,,BRASP
20,,272039160030160,356163111681890,1,1,1,86123456789,0,11,,,,,,,6019000000,31150,60321,0,211117,085208,B,725,000000,000000027,D,,03,00,00,,MYSCC
20,,272039160030160,358360106327270,1,1,1,12345678900,0,11,,,,,,,9659600000,31121,48353,0,211117,085652,B,74,000000,000000054,D,,03,00,00,,KWTMT
20,,272039160030160,356163111681890,1,1,1,91123456789,0,11,,,,,,,8529060000,10131,32641,0,211117,090516,B,898,000000,000000018,D,,03,00,00,,HKGPP
30,,272039160030160,354568110787440,1,1,1,20123456789,0,11,,,,,,,5199440000,01051,10281,0,211117,090221,B,298,000000,000000000,D,,00,00,03,,PERMO
20,,272039160030160,359708824377160,1,1,1,222123456789,0,11,,,,,,,3247500000,01061,34436,0,211117,091628,B,475,000000,000000038,D,,03,00,00,,BELTB
30,,272039160030160,356163111681890,1,1,1,222123456789,0,11,,,,,,,2126600000,31150,59013,0,211117,092357,B,183,000000,000000000,D,,00,00,03,,MARMT
20,,272039160030160,353467110855550,1,1,1,12345678900,0,11,,,,,,,5513810000,01021,51269,0,211117,092951,B,148,000000,000000001,D,,03,00,00,,BRASP
20,,272039160030160,352859309933310,1,1,1,237123456789,0,11,,,,,,,3464800000,01061,24265,0,211117,093122,B,257,000000,000000018,D,,03,00,00,,ESPTE
20,,272039160030160,358360106327270,1,1,1,353851234567,0,11,,,,,,,2659900000,31121,48353,0,211117,090227,B,886,000000,000000767,D,,03,00,00,,MWICT
20,,272039160030160,359042089706940,1,1,1,3312345678,0,11,,,,,,,9190430000,01021,37100,0,211117,093101,B,879,000000,000000024,D,,03,00,00,,INDT2
30,,272039160030160,353467110855550,1,1,1,353851234567,0,11,,,,,,,3462200000,31121,61248,0,211117,093128,B,1166,000000,000000000,D,,00,00,03,,ESPXF
30,,272039160030160,356928101540340,1,1,1,61123456789,0,11,,,,,,,3584576000,31150,65019,0,211117,094010,B,380,000000,000000000,D,,00,00,03,,FINTA
20,,272039160030160,867495039412500,1,1,1,12345678900,0,11,,,,,,,5966960000,00340,57462,0,211117,094322,B,253,000000,000000037,D,,03,00,00,,GLP01
20,,272039160030160,353169101417200,1,1,1,91123456789,0,11,,,,,,,8190130000,01021,63391,0,211117,094822,B,86,000000,000000039,D,,03,00,00,,JPNJP
30,,272039160030160,353169101417200,1,1,1,112345678900,0,11,,,,,,,45405a0000,01021,63391,0,211117,095127,B,1190,000000,000000000,D,,00,00,03,,DNKDM
20,,272039160030160,358685098519620,1,1,1,353851234567,0,11,,,,,,,3069300000,31150,65019,0,211117,095434,B,25,000000,000000031,D,,03,00,00,,GRCSH
30,,272039160030160,356163111681890,1,1,1,20123456789,0,11,,,,,,,8562070000,31150,60322,0,211117,095422,B,270,000000,000000000,D,,00,00,03,,LAOTL
20,,272039160030160,358360106327270,1,1,1,91123456789,0,11,,,,,,,3520210000,01021,61172,0,211117,101748,B,1192,000000,000000003,D,,03,00,00,,LUXPT
30,,272039160030160,353169101417200,1,1,1,61123456789,0,11,,,,,,,3162800000,01021,63391,0,211117,101805,B,283,000000,000000000,D,,00,00,03,,NLDDT
30,,272039160030160,358558821119860,1,1,1,5212345678,0,11,,,,,,,9198150000,01021,51269,0,211117,102037,B,340,000000,000000000,D,,00,00,03,,INDA9
30,,272039160030160,356163111681890,1,1,1,237123456789,0,11,,,,,,,9647500000,31150,60322,0,211117,101534,B,489,000000,000000000,D,,00,00,03,,IRQKK
20,,272039160030160,354127113753370,1,1,1,20123456789,0,11,,,,,,,5016100000,01021,48885,0,211117,102731,B,1108,000000,000000003,D,,03,00,00,,BLZ67
30,,272039160030160,358685098519620,1,1,1,20123456789,0,11,,,,,,,4531300000,01061,32397,0,211117,102730,B,180,000000,000000000,D,,00,00,03,,DNKHU
20,,272039160030160,359708824377160,1,1,1,20123456789,0,11,,,,,,,3548900000,01061,13661,0,211117,102648,B,810,000000,000000085,D,,03,00,00,,ISL03
30,,272039160030160,353467110855550,1,1,1,5212345678,0,11,,,,,,,5407900000,01021,51269,0,211117,103223,B,987,000000,000000000,D,,00,00,03,,ARGTM
30,,272039160030160,354127113753370,1,1,1,91123456789,0,11,,,,,,,6141400000,31121,63103,0,211117,103110,B,238,000000,000000000,D,,00,00,03,,AUSVF
20,,272039160030160,358685098519620,1,1,1,86123456789,0,11,,,,,,,2438100000,01061,32397,0,211117,103111,B,913,000000,000000169,D,,03,00,00,,CODVC
20,,272039160030160,356163111681890,1,1,1,3412345678,0,11,,,,,,,6757220000,10131,32643,0,211117,104003,B,667,000000,000000028,D,,03,00,00,,JAMDC
20,,272039160030160,356163111681890,1,1,1,47123456789,0,11,,,,,,,4747930000,10131,32643,0,211117,104324,B,111,000000,000000023,D,,03,00,00,,NORNN
20,,272039160030160,354127113753370,1,1,1,91123456789,0,11,,,,,,,9198950000,31121,63103,0,211117,104542,B,513,000000,000000023,D,,03,00,00,,INDA7
30,,272039160030160,356163111681890,1,1,1,353851234567,0,11,,,,,,,5500400000,10131,32643,0,211117,104741,B,931,000000,000000000,D,,00,00,03,,BRACS
20,,272039160030160,359708824377160,1,1,1,112345678900,0,11,,,,,,,6014300000,01061,14154,0,211117,104957,B,171,000000,000000061,D,,03,00,00,,MYSMR
30,,272039160030160,356163111681890,1,1,1,3412345678,0,11,,,,,,,4477810000,10131,32643,0,211117,105748,B,899,000000,000000000,D,,00,00,03,,GBRGT
20,,272039160030160,867495039412500,1,1,1,112345678900,0,11,,,,,,,3460700000,00320,55461,0,211117,105939,B,888,000000,000000031,D,,03,00,00,,ESPAT
30,,272039160030160,356163111681890,1,1,1,20123456789,0,11,,,,,,,5906900000,10131,32643,0,211117,110309,B,215,000000,000000000,D,,00,00,03,,GLP01
20,,272039160030160,867559036501640,1,1,1,5212345678,0,11,,,,,,,9194000000,00330,60211,0,211117,110157,B,1046,000000,000000257,D,,03,00,00,,INDWB
20,,272039160030160,356928101540340,1,1,1,3312345678,0,11,,,,,,,4176000000,31150,65019,0,211117,111202,B,21,000000,000000034,D,,03,00,00,,CHEDX
30,,272039160030160,358360106327270,1,1,1,47123456789,0,11,,,,,,,5501600000,01021,61172,0,211117,111524,B,914,000000,000000000,D,,00,00,03,,BRABT
30,,272039160030160,867495039412500,1,1,1,3312345678,0,11,,,,,,,1441790000,01041,54620,0,211117,111208,B,1117,000000,000000000,D,,00,00,03,,BMUBD
20,,272039160030160,867495039412500,1,1,1,112345678900,0,11,,,,,,,5593800000,01041,54499,0,211117,112611,B,796,000000,000000050,D,,03,00,00,,BRASP
20,,272039160030160,357771574865450,1,1,1,5212345678,0,11,,,,,,,4206020000,30140,41892,0,211117,110900,B,287,000000,000000583,D,,03,00,00,,CZEET
30,,272039160030160,356928101540340,1,1,1,3312345678,0,11,,,,,,,5199440000,31150,65019,0,211117,112955,B,1177,000000,000000000,D,,00,00,03,,PERMO
20,,272039160030160,358685098519620,1,1,1,20123456789,0,11,,,,,,,6797000000,01061,34436,0,211117,113925,B,499,000000,000000035,D,,03,00,00,,FJIDP
20,,272039160030160,352859309933310,1,1,1,20123456789,0,11,,,,,,,2376000000,31150,65019,0,211117,114100,B,1149,000000,000000001,D,,03,00,00,,CMRMT
20,,272039160030160,352859309933310,1,1,1,91123456789,0,11,,,,,,,3719200000,31150,65019,0,211117,114123,B,989,000000,000000000,D,,03,00,00,,LVALM
30,,272039160030160,867495039412500,1,1,1,353851234567,0,11,,,,,,,6141500000,01041,54085,0,211117,113252,B,1084,000000,000000000,D,,00,00,03,,AUSVF
20,,272039160030160,356163111681890,1,1,1,86123456789,0,11,,,,,,,5411500000,10131,32641,0,211117,114833,B,679,000000,000000034,D,,03,00,00,,ARGTP
30,,272039160030160,359458685424380,1,1,1,353851234567,0,11,,,,,,,1876000000,11104,16493,0,211117,115126,B,83,000000,000000000,D,,00,00,03,,JAMCW
30,,272039160030160,356392107931160,1,1,1,222123456789,0,11,,,,,,,4237800000,31150,65019,0,211117,115346,B,856,000000,000000000,D,,00,00,03,,LIEVE
30,,272039160030160,356392107931160,1,1,1,3412345678,0,11,,,,,,,3598800000,01061,23974,0,211117,115618,B,296,000000,000000000,D,,00,00,03,,BGR01
30,,272039160030160,358685098519620,1,1,1,237123456789,0,11,,,,,,,9190370000,01061,14155,0,211117,115413,B,92,000000,000000000,D,,00,00,03,,INDT3
20,,272039160030160,354127113753370,1,1,1,237123456789,0,11,,,,,,,9198150000,31121,63103,0,211117,115413,B,1159,000000,000000149,D,,03,00,00,,INDA9
30,,272039160030160,359708824377160,1,1,1,237123456789,0,11,,,,,,,2659900000,31150,65019,0,211117,120331,B,616,000000,000000000,D,,00,00,03,,MWICT
30,,272039160030160,867495039412500,1,1,1,86123456789,0,11,,,,,,,3932000000,01041,54508,0,211117,120021,B,1019,000000,000000000,D,,00,00,03,,ITAWI
20,,272039160030160,356392107931160,1,1,1,47123456789,0,11,,,,,,,9190410000,31150,65019,0,211117,121321,B,117,000000,000000001,D,,03,00,00,,INDTP
20,,272039160030160,356392107931160,1,1,1,3312345678,0,11,,,,,,,2588200000,01061,23974,0,211117,121429,B,449,000000,000000018,D,,03,00,00,,MOZ01
20,,272039160030160,359042089706940,1,1,1,5212345678,0,11,,,,,,,4917100000,01021,37100,0,211117,121738,B,606,000000,000000044,D,,03,00,00,,DEUD1
30,,272039160030160,352859309933310,1,1,1,112345678900,0,11,,,,,,,5917000000,31150,65019,0,211117,122349,B,70,000000,000000000,D,,00,00,03,,BOLNT
20,,272039160030160,356392107931160,1,1,1,222123456789,0,11,,,,,,,9182200000,01061,23974,0,211117,123019,B,594,000000,000000000,D,,03,00,00,,INDBO
20,,272039160030160,356392107931160,1,1,1,47123456789,0,11,,,,,,,9190370000,01061,23974,0,211117,123038,B,1007,000000,000000044,D,,03,00,00,,INDT3
20,,272039160030160,358685098519620,1,1,1,91123456789,0,11,,,,,,,6016000000,01061,20891,0,211117,120548,B,1050,000000,000000784,D,,03,00,00,,MYSMT
20,,272039160030160,354568110787440,1,1,1,353851234567,0,11,,,,,,,4540100000,01041,12430,0,211117,123731,B,577,000000,000000021,D,,03,00,00,,DNKTD
30,,272039160030160,359042089706940,1,1,1,3412345678,0,11,,,,,,,9194000000,01021,37112,0,211117,124636,B,1101,000000,000000000,D,,00,00,03,,INDWB
20,,272039160030160,356082095755020,1,1,1,3312345678,0,11,,,,,,,3859200000,01021,51269,0,211117,125124,B,760,000000,000000001,D,,03,00,00,,HRVVI
30,,272039160030160,356082095755020,1,1,1,237123456789,0,11,,,,,,,9190920000,01021,51269,0,211117,125200,B,148,000000,000000000,D,,00,00,03,,INDIT
20,,272039160030160,354568110787440,1,1,1,12345678900,0,11,,,,,,,3460700000,01041,13459,0,211117,125028,B,713,000000,000000088,D,,03,00,00,,ESPAT
20,,272039160030160,356392107931160,1,1,1,353851234567,0,11,,,,,,,5076200000,01061,23974,0,211117,125224,B,1151,000000,000000039,D,,03,00,00,,PANCL
30,,272039160030160,353773291476030,1,1,1,3312345678,0,11,,,,,,,3548900000,31150,65019,0,211117,130053,B,862,000000,000000000,D,,00,00,03,,ISL03
20,,272039160030160,350396265316870,1,1,1,112345678900,0,11,,,,,,,9197080000,01021,38113,0,211117,130129,B,351,000000,000000002,D,,03,00,00,,INDIB
20,,272039160030160,358558821119860,1,1,1,91123456789,0,11,,,,,,,1809850000,31121,61248,0,211117,130310,B,935,000000,000000025,D,,03,00,00,,DOM01
20,,272039160030160,350396265316870,1,1,1,3312345678,0,11,,,,,,,45405a0000,01021,37116,0,211117,130930,B,488,000000,000000093,D,,03,00,00,,DNKDM
30,,272039160030160,354568110787440,1,1,1,91123456789,0,11,,,,,,,9478000000,01041,13459,0,211117,131236,B,609,000000,000000000,D,,00,00,03,,LKAHT
20,,272039160030160,869341056207590,1,1,1,237123456789,0,11,,,,,,,2125200000,31150,65019,0,211117,131853,B,907,000000,000000034,D,,03,00,00,,MARM3
30,,272039160030160,358685098519620,1,1,1,5212345678,0,11,,,,,,,9198300000,31150,65019,0,211117,131511,B,725,000000,000000000,D,,00,00,03,,INDCC
20,,272039160030160,353773291476030,1,1,1,20123456789,0,11,,,,,,,3712585000,31150,65019,0,211117,132314,B,422,000000,000000015,D,,03,00,00,,LTUMT
20,,272039160030160,869341056207590,1,1,1,20123456789,0,11,,,,,,,9947000000,01061,14154,0,211117,132046,B,656,000000,000000057,D,,03,00,00,,AZEAF
20,,272039160030160,359316108892530,1,1,1,91123456789,0,11,,,,,,,5511810000,00360,56852,0,211117,132332,B,632,000000,000000004,D,,03,00,00,,BRASP
20,,272039160030160,865885048992030,1,1,1,12345678900,0,11,,,,,,,4917600000,00390,44023,0,211117,132652,B,699,000000,000000079,D,,03,00,00,,DEUE2
20,,272039160030160,356163111681890,1,1,1,112345678900,0,11,,,,,,,3361100000,10131,32643,0,211117,133144,B,587,000000,000000012,D,,03,00,00,,FRAF9
20,,272039160030160,356580107936460,1,1,1,12345678900,0,11,,,,,,,9198940000,00350,40592,0,211117,133626,B,165,000000,000000002,D,,03,00,00,,INDA4
20,,272039160030160,354141338896330,1,1,1,5212345678,0,11,,,,,,,4477820000,01071,34156,0,211117,133545,B,733,000000,000000086,D,,03,00,00,,GBRHU
30,,272039160030160,865885048992030,1,1,1,3412345678,0,11,,,,,,,3859100000,00390,44023,0,211117,133617,B,235,000000,000000000,D,,00,00,03,,HRVVI
20,,272039160030160,353169101417200,1,1,1,222123456789,0,11,,,,,,,3876300000,01021,63391,0,211117,134856,B,940,000000,000000000,D,,03,00,00,,BIHER
20,,272039160030160,353169101417200,1,1,1,20123456789,0,11,,,,,,,3579600000,01021,63391,0,211117,134917,B,229,000000,000000000,D,,03,00,00,,CYPSC
30,,272039160030160,358558821119860,1,1,1,47123456789,0,11,,,,,,,2016000000,31121,61248,0,211117,135531,B,858,000000,000000000,D,,00,00,03,,EGYMS
20,,272039160030160,867129030789020,1,1,1,86123456789,0,11,,,,,,,8536340000,00350,46292,0,211117,135941,B,235,000000,000000002,D,,03,00,00,,MACHT
20,,272039160030160,865885048992030,1,1,1,47123456789,0,11,,,,,,,8529490000,00390,44023,0,211117,140312,B,116,000000,000000014,D,,03,00,00,,HKGHT
20,,272039160030160,351779112673880,1,1,1,112345678900,0,11,,,,,,,1876000000,01091,56678,0,211117,140939,B,57,000000,000000001,D,,03,00,00,,JAMCW
30,,272039160030160,353169101417200,1,1,1,3412345678,0,11,,,,,,,4206030000,31121,48303,0,211117,141125,B,92,000000,000000000,D,,00,00,03,,CZERM
20,,272039160030160,865885048992030,1,1,1,3312345678,0,11,,,,,,,8801700000,00390,53421,0,211117,140943,B,686,000000,000000005,D,,03,00,00,,BGDGP
30,,272039160030160,353169101417200,1,1,1,112345678900,0,11,,,,,,,2136600000,01021,63391,0,211117,141218,B,1127,000000,000000000,D,,00,00,03,,DZAA1
20,,272039160030160,359042089706940,1,1,1,12345678900,0,11,,,,,,,1705000000,01021,37112,0,211117,141408,B,556,000000,000000048,D,,03,00,00,,CANRW
30,,272039160030160,358558821119860,1,1,1,47123456789,0,11,,,,,,,8829800000,31121,61248,0,211117,141849,B,820,000000,000000000,D,,00,00,03,,CHEOA
20,,272039160030160,865885048992030,1,1,1,91123456789,0,11,,,,,,,8529010000,00390,44023,0,211117,141223,B,238,000000,000000195,D,,03,00,00,,HKGSM
20,,272039160030160,358558821119860,1,1,1,112345678900,0,11,,,,,,,1647580000,31121,61248,0,211117,142019,B,755,000000,000000006,D,,03,00,00,,CANTS
30,,272039160030160,353773291476030,1,1,1,222123456789,0,11,,,,,,,3093000000,31150,65019,0,211117,142448,B,26,000000,000000000,D,,00,00,03,,GRCSH
20,,272039160030160,357771574865450,1,1,1,61123456789,0,11,,,,,,,6013000000,00340,53431,0,211117,143050,B,467,000000,000000011,D,,03,00,00,,MYSCC
20,,272039160030160,358558821119860,1,1,1,222123456789,0,11,,,,,,,8829800000,01021,51277,0,211117,143100,B,1189,000000,000000022,D,,03,00,00,,CHEOA
30,,272039160030160,869341056207590,1,1,1,86123456789,0,11,,,,,,,8615600000,31150,65019,0,211117,143840,B,1186,000000,000000000,D,,00,00,03,,CHNCU
30,,272039160030160,356163111681890,1,1,1,237123456789,0,11,,,,,,,3069900000,31150,60322,0,211117,143905,B,561,000000,000000000,D,,00,00,03,,GRCSH
30,,272039160030160,356928101540340,1,1,1,3412345678,0,11,,,,,,,2332700000,31150,65019,0,211117,143715,B,362,000000,000000000,D,,00,00,03,,GHAMT
20,,272039160030160,358558821119860,1,1,1,91123456789,0,11,,,,,,,6285500000,01021,13305,0,211117,144209,B,936,000000,000000019,D,,03,00,00,,IDNIM
20,,272039160030160,358685098519620,1,1,1,353851234567,0,11,,,,,,,3460600000,31150,65019,0,211117,144417,B,371,000000,000000003,D,,03,00,00,,ESPTE
20,,272039160030160,869341056207590,1,1,1,47123456789,0,11,,,,,,,4478020000,31150,65019,0,211117,144432,B,982,000000,000000002,D,,03,00,00,,GBRCN
30,,272039160030160,354127113753370,1,1,1,237123456789,0,11,,,,,,,9733900000,31121,61261,0,211117,144416,B,738,000000,000000000,D,,00,00,03,,BHRBT
20,,272039160030160,356928101540340,1,1,1,91123456789,0,11,,,,,,,2016000000,31150,65019,0,211117,144423,B,322,000000,000000027,D,,03,00,00,,EGYMS
20,,272039160030160,867129030789020,1,1,1,20123456789,0,11,,,,,,,9190380000,00340,45752,0,211117,145830,B,816,000000,000000002,D,,03,00,00,,INDTK
20,,272039160030160,869341056207590,1,1,1,3412345678,0,11,,,,,,,5541950000,01061,20897,0,211117,145917,B,612,000000,000000003,D,,03,00,00,,BRACS
20,,272039160030160,357367094292350,1,1,1,3412345678,0,11,,,,,,,3366000000,00360,46322,0,211117,150411,B,561,000000,000000002,D,,03,00,00,,FRAF3
20,,272039160030160,359847106259470,1,1,1,3312345678,0,11,,,,,,,3579900000,31121,61248,0,211117,150441,B,172,000000,000000033,D,,03,00,00,,CYPCT
30,,272039160030160,867129030789020,1,1,1,47123456789,0,11,,,,,,,9959900000,00340,45751,0,211117,150957,B,1115,000000,000000000,D,,00,00,03,,GEOMA
20,,272039160030160,352859309933310,1,1,1,222123456789,0,11,,,,,,,9190360000,31150,65019,0,211117,151128,B,868,000000,000000018,D,,03,00,00,,INDT1
20,,272039160030160,865885048992030,1,1,1,237123456789,0,11,,,,,,,9947000000,00390,63732,0,211117,144156,B,330,000000,000000833,D,,03,00,00,,AZEAF
20,,272039160030160,869341056207590,1,1,1,86123456789,0,11,,,,,,,8551600000,31150,60211,0,211117,151757,B,284,000000,000000002,D,,03,00,00,,KHMSM
30,,272039160030160,869341056207590,1,1,1,3412345678,0,11,,,,,,,6424200000,31150,60211,0,211117,152749,B,710,000000,000000000,D,,00,00,03,,NZLNH
30,,272039160030160,354568110787440,1,1,1,61123456789,0,11,,,,,,,8801700000,01041,12430,0,211117,154126,B,1108,000000,000000000,D,,00,00,03,,BGDGP
20,,272039160030160,869341056207590,1,1,1,61123456789,0,11,,,,,,,5903500000,31150,60211,0,211117,154430,B,1016,000000,000000024,D,,03,00,00,,GLP01
30,,272039160030160,865885048992030,1,1,1,12345678900,0,11,,,,,,,4531100000,00390,63732,0,211117,151603,B,1127,000000,000000000,D,,00,00,03,,DNKHU
30,,272039160030160,358685098519620,1,1,1,222123456789,0,11,,,,,,,1876000000,31150,65019,0,211117,154854,B,847,000000,000000000,D,,00,00,03,,JAMDC
30,,272039160030160,353169101417200,1,1,1,47123456789,0,11,,,,,,,4917600000,01021,63391,0,211117,155044,B,18,000000,000000000,D,,00,00,03,,DEUE2
20,,272039160030160,867495039412500,1,1,1,12345678900,0,11,,,,,,,8559700000,01032,43718,0,211117,153557,B,258,000000,000000527,D,,03,00,00,,KHMVC
20,,272039160030160,359144077540030,1,1,1,86123456789,0,11,,,,,,,3584000000,00380,63462,0,211117,155549,B,265,000000,000000001,D,,03,00,00,,FINTF
30,,272039160030160,357771574865450,1,1,1,353851234567,0,11,,,,,,,1809850000,00340,43023,0,211117,160543,B,1105,000000,000000000,D,,00,00,03,,DOM01
20,,272039160030160,358558821119860,1,1,1,20123456789,0,11,,,,,,,5541990000,31121,61248,0,211117,160509,B,320,000000,000000001,D,,03,00,00,,BRACS
30,,272039160030160,358558821119860,1,1,1,3412345678,0,11,,,,,,,9190460000,31121,61248,0,211117,160748,B,213,000000,000000000,D,,00,00,03,,INDT9
30,,272039160030160,354568110787440,1,1,1,86123456789,0,11,,,,,,,8823200000,01041,13459,0,211117,161707,B,658,000000,000000000,D,,00,00,03,,NORMC
30,,272039160030160,350153274303290,1,1,1,86123456789,0,11,,,,,,,3584570000,01021,63395,0,211117,161259,B,397,000000,000000000,D,,00,00,03,,FINAM
20,,272039160030160,358685098519620,1,1,1,12345678900,0,11,,,,,,,5016100000,01061,32397,0,211117,161532,B,848,000000,000000177,D,,03,00,00,,BLZ67
30,,272039160030160,359708824377160,1,1,1,3312345678,0,11,,,,,,,3725500000,31150,60211,0,211117,162627,B,195,000000,000000000,D,,00,00,03,,ESTRB
20,,272039160030160,358558821119860,1,1,1,91123456789,0,11,,,,,,,5591800000,31121,61248,0,211117,162857,B,721,000000,000000010,D,,03,00,00,,BRARN
20,,272039160030160,352859309933310,1,1,1,237123456789,0,11,,,,,,,4747910000,31150,65019,0,211117,162828,B,961,000000,000000032,D,,03,00,00,,NORNN
20,,272039160030160,352859309933310,1,1,1,61123456789,0,11,,,,,,,3460700000,31150,65019,0,211117,163121,B,929,000000,000000011,D,,03,00,00,,ESPAT
20,,272039160030160,358558821119860,1,1,1,3412345678,0,11,,,,,,,3763000000,31121,61248,0,211117,163314,B,173,000000,000000037,D,,03,00,00,,ANDMA
20,,272039160030160,357962107799200,1,1,1,47123456789,0,11,,,,,,,3556900000,31150,65019,0,211117,164153,B,824,000000,000000020,D,,03,00,00,,ALBVF
30,,272039160030160,865885048992030,1,1,1,47123456789,0,11,,,,,,,8562070000,00390,44023,0,211117,164204,B,635,000000,000000000,D,,00,00,03,,LAOTL
20,,272039160030160,352859309933310,1,1,1,222123456789,0,11,,,,,,,5598800000,31150,65019,0,211117,164216,B,705,000000,000000036,D,,03,00,00,,BRASP
30,,272039160030160,869341056207590,1,1,1,237123456789,0,11,,,,,,,9197080000,31150,65019,0,211117,164007,B,182,000000,000000000,D,,00,00,03,,INDIB
20,,272039160030160,358685098519620,1,1,1,86123456789,0,11,,,,,,,5594800000,01061,32397,0,211117,164751,B,875,000000,000000008,D,,03,00,00,,BRASP
30,,272039160030160,865885048992030,1,1,1,47123456789,0,11,,,,,,,9198270000,00390,44023,0,211117,164420,B,1090,000000,000000000,D,,00,00,03,,INDRM
20,,272039160030160,352859309933310,1,1,1,3412345678,0,11,,,,,,,9182600000,31150,65019,0,211117,165438,B,178,000000,000000010,D,,03,00,00,,INDMP
20,,272039160030160,358685098519620,1,1,1,86123456789,0,11,,,,,,,9190360000,01061,32397,0,211117,164819,B,932,000000,000000388,D,,03,00,00,,INDT1
30,,272039160030160,358558821119860,1,1,1,3312345678,0,11,,,,,,,9180920000,01021,51269,0,211117,171032,B,1003,000000,000000000,D,,00,00,03,,INDTR
30,,272039160030160,356928101540340,1,1,1,61123456789,0,11,,,,,,,6285500000,31150,65019,0,211117,170600,B,55,000000,000000000,D,,00,00,03,,IDNIM
20,,272039160030160,353467110855550,1,1,1,20123456789,0,11,,,,,,,9198430000,31121,61248,0,211117,171033,B,779,000000,000000010,D,,03,00,00,,INDCC
30,,272039160030160,359847106259470,1,1,1,222123456789,0,11,,,,,,,1705000000,31121,61248,0,211117,171346,B,1076,000000,000000000,D,,00,00,03,,CANRW
20,,272039160030160,353019117623700,1,1,1,91123456789,0,11,,,,,,,6141500000,01021,49168,0,211117,171750,B,38,000000,000000084,D,,03,00,00,,AUSVF
20,,272039160030160,358685098519620,1,1,1,61123456789,0,11,,,,,,,4206020000,31150,65019,0,211117,172219,B,618,000000,000000012,D,,03,00,00,,CZEET
30,,272039160030160,356928101540340,1,1,1,353851234567,0,11,,,,,,,5531900000,01061,23974,0,211117,172218,B,862,000000,000000000,D,,00,00,03,,BRACS
30,,272039160030160,863024051299230,1,1,1,112345678900,0,11,,,,,,,5562810000,01032,27445,0,211117,172732,B,414,000000,000000000,D,,00,00,03,,BRACS
30,,272039160030160,356082095755020,1,1,1,61123456789,0,11,,,,,,,8529200000,01021,51269,0,211117,173127,B,366,000000,000000000,D,,00,00,03,,HKGNW
20,,272039160030160,357367094292350,1,1,1,86123456789,0,11,,,,,,,4528180000,00360,51471,0,211117,174445,B,8,000000,000000002,D,,03,00,00,,DNKMX
30,,272039160030160,865885048992030,1,1,1,222123456789,0,11,,,,,,,8210291000,00390,53421,0,211117,174440,B,207,000000,000000000,D,,00,00,03,,KORKF
20,,272039160030160,357879820234670,1,1,1,353851234567,0,11,,,,,,,9647500000,01061,23974,0,211117,174902,B,474,000000,000000049,D,,03,00,00,,IRQKK
20,,272039160030160,865885048992030,1,1,1,3412345678,0,11,,,,,,,9190310000,00390,53421,0,211117,175026,B,1067,000000,000000027,D,,03,00,00,,INDTB
20,,272039160030160,865885048992030,1,1,1,222123456789,0,11,,,,,,,9190300000,00390,53421,0,211117,175154,B,348,000000,000000001,D,,03,00,00,,INDT0
20,,272039160030160,865885048992030,1,1,1,91123456789,0,11,,,,,,,6427743000,00390,53421,0,211117,175309,B,1036,000000,000000001,D,,03,00,00,,NZLTM
20,,272039160030160,865885048992030,1,1,1,86123456789,0,11,,,,,,,3569400000,00390,47882,0,211117,175417,B,323,000000,000000001,D,,03,00,00,,MLTTL
20,,272039160030160,354568110787440,1,1,1,222123456789,0,11,,,,,,,3934900000,01051,10400,0,211117,175453,B,566,000000,000000019,D,,03,00,00,,ITAOM
20,,272039160030160,353773291476030,1,1,1,3312345678,0,11,,,,,,,2648100000,01061,23974,0,211117,175817,B,280,000000,000000017,D,,03,00,00,,NAM01
20,,272039160030160,353773291476030,1,1,1,91123456789,0,11,,,,,,,4367600000,31150,65019,0,211117,175957,B,619,000000,000000005,D,,03,00,00,,AUTMM
20,,272039160030160,865885048992030,1,1,1,353851234567,0,11,,,,,,,3725500000,00390,53421,0,211117,175537,B,1104,000000,000000198,D,,03,00,00,,ESTRB
30,,272039160030160,354568110787440,1,1,1,3312345678,0,11,,,,,,,2126100000,31101,51391,0,211117,180518,B,1099,000000,000000000,D,,00,00,03,,MARM1
20,,272039160030160,356082095755020,1,1,1,5212345678,0,11,,,,,,,6424100000,01021,51553,0,211117,180425,B,32,000000,000000045,D,,03,00,00,,NZLNH
20,,272039160030160,356082095755020,1,1,1,112345678900,0,11,,,,,,,9190300000,01021,51553,0,211117,180617,B,927,000000,000000060,D,,03,00,00,,INDT0
20,,272039160030160,356082095755020,1,1,1,3312345678,0,11,,,,,,,3556600000,01021,51553,0,211117,180847,B,515,000000,000000119,D,,03,00,00,,ALBM4
30,,272039160030160,865885048992030,1,1,1,86123456789,0,11,,,,,,,5511810000,00390,53421,0,211117,181440,B,129,000000,000000000,D,,00,00,03,,BRASP
20,,272039160030160,865885048992030,1,1,1,112345678900,0,11,,,,,,,1905610000,00390,53421,0,211117,180325,B,104,000000,000000323,D,,03,00,00,,CANBM
30,,272039160030160,356163111681890,1,1,1,86123456789,0,11,,,,,,,9190900000,01061,63581,0,211117,181648,B,782,000000,000000000,D,,00,00,03,,INDIO
20,,272039160030160,356163111681890,1,1,1,353851234567,0,11,,,,,,,1876000000,01061,63997,0,211117,182442,B,1010,000000,000000009,D,,03,00,00,,JAMDC
30,,272039160030160,867129030789020,1,1,1,3412345678,0,11,,,,,,,4915700000,00340,45751,0,211117,182517,B,51,000000,000000000,D,,00,00,03,,DEUE1
30,,272039160030160,353467110855550,1,1,1,12345678900,0,11,,,,,,,8529060000,01021,37054,0,211117,183519,B,283,000000,000000000,D,,00,00,03,,HKGPP
30,,272039160030160,356392107931160,1,1,1,3312345678,0,11,,,,,,,4478500000,01061,23974,0,211117,183813,B,1072,000000,000000000,D,,00,00,03,,GBRVF
30,,272039160030160,356163111681890,1,1,1,222123456789,0,11,,,,,,,9190900000,01061,64793,0,211117,185818,B,84,000000,000000000,D,,00,00,03,,INDIO
30,,272039160030160,359125101327230,1,1,1,47123456789,0,11,,,,,,,2302500000,00350,50632,0,211117,185715,B,13,000000,000000000,D,,00,00,03,,MUSCP
30,,272039160030160,351328117236330,1,1,1,61123456789,0,11,,,,,,,9656000000,01021,35598,0,211117,190759,B,108,000000,000000000,D,,00,00,03,,KWTNM
20,,272039160030160,352711095912070,1,1,1,12345678900,0,11,,,,,,,8190665000,00350,47962,0,211117,192751,B,838,000000,000000002,D,,03,00,00,,JPNJP
20,,272039160030160,352711095912070,1,1,1,112345678900,0,11,,,,,,,4550600000,00350,47962,0,211117,192913,B,315,000000,000000002,D,,03,00,00,,DNKTD
20,,272039160030160,358558821119860,1,1,1,12345678900,0,11,,,,,,,9190340000,01021,61172,0,211117,193112,B,1130,000000,000000000,D,,03,00,00,,INDTH
20,,272039160030160,866957039310790,1,1,1,237123456789,0,11,,,,,,,3584570000,01071,31755,0,211117,192931,B,989,000000,000000173,D,,03,00,00,,FINAM
20,,272039160030160,352711095912070,1,1,1,353851234567,0,11,,,,,,,8613200000,00350,41643,0,211117,193350,B,637,000000,000000019,D,,03,00,00,,CHNCU
30,,272039160030160,351328117236330,1,1,1,20123456789,0,11,,,,,,,4528130000,01021,35598,0,211117,192542,B,1146,000000,000000000,D,,00,00,03,,DNKIA
30,,272039160030160,358685098519620,1,1,1,353851234567,0,11,,,,,,,3859100000,01061,32397,0,211117,193550,B,499,000000,000000000,D,,00,00,03,,HRVVI
20,,272039160030160,354127113753370,1,1,1,3312345678,0,11,,,,,,,45405a0000,01021,63410,0,211117,193551,B,902,000000,000000268,D,,03,00,00,,DNKDM
30,,272039160030160,865885048992030,1,1,1,112345678900,0,11,,,,,,,5595800000,00390,63732,0,211117,194955,B,298,000000,000000000,D,,00,00,03,,BRASP
30,,272039160030160,359708824377160,1,1,1,47123456789,0,11,,,,,,,2332600000,01061,26444,0,211117,195846,B,685,000000,000000000,D,,00,00,03,,GHAZN
20,,272039160030160,869341056207590,1,1,1,3312345678,0,11,,,,,,,3360900000,01061,32246,0,211117,195659,B,816,000000,000000242,D,,03,00,00,,FRAF2
30,,272039160030160,351328117237800,1,1,1,91123456789,0,11,,,,,,,8801700000,31122,61024,0,211117,201420,B,1019,000000,000000000,D,,00,00,03,,BGDGP
30,,272039160030160,358360106327270,1,1,1,91123456789,0,11,,,,,,,2317000000,01021,61172,0,211117,203530,B,152,000000,000000000,D,,00,00,03,,LBR07
30,,272039160030160,356562086099770,1,1,1,353851234567,0,11,,,,,,,3526210000,01061,24585,0,211117,204046,B,551,000000,000000000,D,,00,00,03,,LUXPT
30,,272039160030160,351328117237800,1,1,1,12345678900,0,11,,,,,,,9725700000,01021,25673,0,211117,214400,B,229,000000,000000000,D,,00,00,03,,ISRMS
30,,272039160030160,353467110855550,1,1,1,12345678900,0,11,,,,,,,3584400000,01021,61628,0,211117,215338,B,399,000000,000000000,D,,00,00,03,,FIN2G
30,,272039160030160,353552681993170,1,1,1,91123456789,0,11,,,,,,,5582900000,01021,61224,0,211117,215632,B,320,000000,000000000,D,,00,00,03,,BRARN
20,,272039160030160,359042089706940,1,1,1,86123456789,0,11,,,,,,,4366400000,01021,37143,0,211118,001810,B,691,000000,000000000,D,,03,00,00,,AUTMK
20,,272039160030160,356562086099770,1,1,1,47123456789,0,11,,,,,,,8559700000,01061,23974,0,211118,041537,B,422,000000,000000004,D,,03,00,00,,KHMVC
20,,272039160030160,356562086099770,1,1,1,353851234567,0,11,,,,,,,9198160000,31150,65019,0,211118,042009,B,19,000000,000000003,D,,03,00,00,,INDBL
20,,272039160030160,356928101540340,1,1,1,5212345678,0,11,,,,,,,4477810000,01061,23239,0,211118,043148,B,702,000000,000000018,D,,03,00,00,,GBRGT
90,SWEEP,IRLME,07466,215,211116052720,+0100,211118043148,+0100,8.54114,,