10,SWEEP,IRLME,07466,Y,00000000000000000000000000000000,,211118,211118,211118050158,+0100,02,,,02,050158,353,,
12,B,1213761
14,B,+0100
30,,272039160030160,358360106327270,1,1,1,91123456789,0,11,,,,,,,4479117000,31121,51022,0,211118,125914,B,403,000000,000000000,D,,00,00,03,,GBRJT
30,,272039160030160,353467110855550,1,1,1,86123456789,0,11,,,,,,,2317000000,31121,61248,0,211118,125915,B,1187,000000,000000000,D,,00,00,03,,LBR07
30,,272039160030160,351826111859880,1,1,1,237123456789,0,11,,,,,,,9689500000,01051,10364,0,211118,125916,B,362,000000,000000000,D,,00,00,03,,OMNNT
20,,272039160030160,352859309933310,1,1,1,86123456789,0,11,,,,,,,9182200000,31150,65019,0,211118,125917,B,208,000000,000000001,D,,03,00,00,,INDBO
20,,272039160030160,352859309933310,1,1,1,47123456789,0,11,,,,,,,1869660000,31150,65019,0,211118,125918,B,136,000000,000000001,D,,03,00,00,,KNACW
30,,272039160030160,352859309933310,1,1,1,86123456789,0,11,,,,,,,9198890000,31150,65019,0,211118,125919,B,671,000000,000000000,D,,00,00,03,,INDIU
30,,272039160030160,351826111859880,1,1,1,12345678900,0,11,,,,,,,9198870000,01051,10380,0,211118,125920,B,294,000000,000000000,D,,00,00,03,,INDIR
30,,272039160030160,350153274303290,1,1,1,61123456789,0,11,,,,,,,9627700000,01021,63396,0,211118,125921,B,1161,000000,000000000,D,,00,00,03,,JORMC
20,,272039160030160,359847106259470,1,1,1,112345678900,0,11,,,,,,,5513810000,31121,61248,0,211118,125922,B,843,000000,000000002,D,,03,00,00,,BRASP
30,,272039160030160,359847106259470,1,1,1,112345678900,0,11,,,,,,,8801700000,31121,61248,0,211118,125923,B,373,000000,000000000,D,,00,00,03,,BGDGP
20,,272039160030160,356928101540340,1,1,1,237123456789,0,11,,,,,,,4528130000,01061,14154,0,211118,125924,B,494,000000,000000026,D,,03,00,00,,DNKIA
30,,272039160030160,356928101540340,1,1,1,222123456789,0,11,,,,,,,2588200000,01061,14154,0,211118,125925,B,1082,000000,000000000,D,,00,00,03,,MOZ01
20,,272039160030160,358360106327270,1,1,1,3312345678,0,11,,,,,,,5547990000,31121,48353,0,211118,125926,B,469,000000,000000036,D,,03,00,00,,BRACS
20,,272039160030160,353467110855550,1,1,1,112345678900,0,11,,,,,,,5119500000,01021,51269,0,211118,125927,B,117,000000,000000009,D,,03,00,00,,PERMO
20,,272039160030160,358360106327270,1,1,1,20123456789,0,11,,,,,,,2011000000,01021,60668,0,211118,125928,B,356,000000,000000049,D,,03,00,00,,EGYEM
20,,272039160030160,358360106327270,1,1,1,237123456789,0,11,,,,,,,9197620000,31121,48353,0,211118,125929,B,640,000000,000000023,D,,03,00,00,,IND24
20,,272039160030160,353467110855550,1,1,1,3312345678,0,11,,,,,,,4366000000,31121,61248,0,211118,125930,B,931,000000,000000012,D,,03,00,00,,AUTHU
20,,272039160030160,356163111681890,1,1,1,61123456789,0,11,,,,,,,8529200000,31150,60321,0,211118,125931,B,888,000000,000000067,D,,03,00,00,,HKGNW
20,,272039160030160,866511041354690,1,1,1,222123456789,0,11,,,,,,,5531900000,01021,51269,0,211118,125932,B,1169,000000,000000003,D,,03,00,00,,BRACS
20,,272039160030160,356163111681890,1,1,1,12345678900,0,11,,,,,,,9198200000,31150,60321,0,211118,125933,B,828,000000,000000027,D,,03,00,00,,INDB1
20,,272039160030160,358360106327270,1,1,1,20123456789,0,11,,,,,,,3526210000,31121,48353,0,211118,125934,B,109,000000,000000054,D,,03,00,00,,LUXPT
20,,272039160030160,356163111681890,1,1,1,112345678900,0,11,,,,,,,2126100000,10131,32641,0,211118,125935,B,296,000000,000000018,D,,03,00,00,,MARM1
30,,272039160030160,354568110787440,1,1,1,237123456789,0,11,,,,,,,5583900000,01051,10281,0,211118,125936,B,14,000000,000000000,D,,00,00,03,,BRARN
20,,272039160030160,359708824377160,1,1,1,61123456789,0,11,,,,,,,4365000000,01061,34436,0,211118,125937,B,558,000000,000000038,D,,03,00,00,,AUTTR
30,,272039160030160,356163111681890,1,1,1,91123456789,0,11,,,,,,,5519810000,31150,59013,0,211118,125938,B,164,000000,000000000,D,,00,00,03,,BRASP
20,,272039160030160,353467110855550,1,1,1,47123456789,0,11,,,,,,,9957700000,01021,51269,0,211118,125939,B,775,000000,000000001,D,,03,00,00,,GEOGC
20,,272039160030160,352859309933310,1,1,1,61123456789,0,11,,,,,,,1705000000,01061,24265,0,211118,125940,B,396,000000,000000018,D,,03,00,00,,CANRW
20,,272039160030160,358360106327270,1,1,1,61123456789,0,11,,,,,,,3598700000,31121,48353,0,211118,125941,B,854,000000,000000767,D,,03,00,00,,BGRVA
20,,272039160030160,359042089706940,1,1,1,5212345678,0,11,,,,,,,4206030000,01021,37100,0,211118,125942,B,890,000000,000000024,D,,03,00,00,,CZERM
30,,272039160030160,353467110855550,1,1,1,91123456789,0,11,,,,,,,3248600000,31121,61248,0,211118,125943,B,156,000000,000000000,D,,00,00,03,,BELKO
30,,272039160030160,356928101540340,1,1,1,3412345678,0,11,,,,,,,1438580000,31150,65019,0,211118,125944,B,275,000000,000000000,D,,00,00,03,,CANTE
20,,272039160030160,867495039412500,1,1,1,12345678900,0,11,,,,,,,6421000000,00340,57462,0,211118,125945,B,969,000000,000000037,D,,03,00,00,,NZLBS
20,,272039160030160,353169101417200,1,1,1,112345678900,0,11,,,,,,,5595800000,01021,63391,0,211118,125946,B,999,000000,000000039,D,,03,00,00,,BRASP
30,,272039160030160,353169101417200,1,1,1,222123456789,0,11,,,,,,,5026000000,01021,63391,0,211118,125947,B,1137,000000,000000000,D,,00,00,03,,GTMTG
20,,272039160030160,358685098519620,1,1,1,86123456789,0,11,,,,,,,3897500000,31150,65019,0,211118,125948,B,63,000000,000000031,D,,03,00,00,,MKDCC
30,,272039160030160,356163111681890,1,1,1,353851234567,0,11,,,,,,,5939950000,31150,60322,0,211118,125949,B,13,000000,000000000,D,,00,00,03,,ECUOT
20,,272039160030160,358360106327270,1,1,1,86123456789,0,11,,,,,,,4206030000,01021,61172,0,211118,125950,B,311,000000,000000003,D,,03,00,00,,CZERM
30,,272039160030160,353169101417200,1,1,1,91123456789,0,11,,,,,,,3725500000,01021,63391,0,211118,125951,B,499,000000,000000000,D,,00,00,03,,ESTRB
30,,272039160030160,358558821119860,1,1,1,222123456789,0,11,,,,,,,8529010000,01021,51269,0,211118,125952,B,424,000000,000000000,D,,00,00,03,,HKGSM
30,,272039160030160,356163111681890,1,1,1,20123456789,0,11,,,,,,,5076000000,31150,60322,0,211118,125953,B,701,000000,000000000,D,,00,00,03,,PANDC
20,,272039160030160,354127113753370,1,1,1,353851234567,0,11,,,,,,,4917200000,01021,48885,0,211118,125954,B,374,000000,000000003,D,,03,00,00,,DEUD2
30,,272039160030160,358685098519620,1,1,1,353851234567,0,11,,,,,,,9190320000,01061,32397,0,211118,125955,B,1,000000,000000000,D,,00,00,03,,INDT0
20,,272039160030160,359708824377160,1,1,1,353851234567,0,11,,,,,,,9197020000,01061,13661,0,211118,125956,B,221,000000,000000085,D,,03,00,00,,INDIM
30,,272039160030160,353467110855550,1,1,1,47123456789,0,11,,,,,,,3460900000,01021,51269,0,211118,125957,B,379,000000,000000000,D,,00,00,03,,ESPTE
30,,272039160030160,354127113753370,1,1,1,86123456789,0,11,,,,,,,2309600000,31121,63103,0,211118,125958,B,14,000000,000000000,D,,00,00,03,,MUSMT
20,,272039160030160,358685098519620,1,1,1,353851234567,0,11,,,,,,,4550600000,01061,32397,0,211118,125959,B,740,000000,000000169,D,,03,00,00,,DNKTD
20,,272039160030160,356163111681890,1,1,1,61123456789,0,11,,,,,,,2995000000,10131,32643,0,211118,130000,B,416,000000,000000028,D,,03,00,00,,GRLTG
20,,272039160030160,356163111681890,1,1,1,237123456789,0,11,,,,,,,4792000000,10131,32643,0,211118,130001,B,314,000000,000000023,D,,03,00,00,,NORNC
20,,272039160030160,354127113753370,1,1,1,47123456789,0,11,,,,,,,5016100000,31121,63103,0,211118,130002,B,112,000000,000000023,D,,03,00,00,,BLZ67
30,,272039160030160,356163111681890,1,1,1,3312345678,0,11,,,,,,,2438100000,10131,32643,0,211118,130003,B,554,000000,000000000,D,,00,00,03,,CODVC
20,,272039160030160,359708824377160,1,1,1,86123456789,0,11,,,,,,,9957700000,01061,14154,0,211118,130004,B,731,000000,000000061,D,,03,00,00,,GEOGC
30,,272039160030160,356163111681890,1,1,1,3312345678,0,11,,,,,,,5548990000,10131,32643,0,211118,130005,B,785,000000,000000000,D,,00,00,03,,BRACS
20,,272039160030160,867495039412500,1,1,1,3312345678,0,11,,,,,,,2332700000,00320,55461,0,211118,130006,B,771,000000,000000031,D,,03,00,00,,GHAMT
30,,272039160030160,356163111681890,1,1,1,237123456789,0,11,,,,,,,9190390000,10131,32643,0,211118,130007,B,395,000000,000000000,D,,00,00,03,,INDT5
20,,272039160030160,867559036501640,1,1,1,5212345678,0,11,,,,,,,6427000000,00330,60211,0,211118,130008,B,721,000000,000000257,D,,03,00,00,,NZLNH
20,,272039160030160,356928101540340,1,1,1,3312345678,0,11,,,,,,,1876000000,31150,65019,0,211118,130009,B,854,000000,000000034,D,,03,00,00,,JAMDC
30,,272039160030160,358360106327270,1,1,1,112345678900,0,11,,,,,,,4365000000,01021,61172,0,211118,130010,B,810,000000,000000000,D,,00,00,03,,AUTTR
30,,272039160030160,867495039412500,1,1,1,112345678900,0,11,,,,,,,6014300000,01041,54620,0,211118,130011,B,595,000000,000000000,D,,00,00,03,,MYSMR
20,,272039160030160,867495039412500,1,1,1,222123456789,0,11,,,,,,,8536240000,01041,54499,0,211118,130012,B,1050,000000,000000050,D,,03,00,00,,MACHT
20,,272039160030160,357771574865450,1,1,1,5212345678,0,11,,,,,,,9197020000,30140,41892,0,211118,130013,B,764,000000,000000583,D,,03,00,00,,INDIM
30,,272039160030160,356928101540340,1,1,1,3312345678,0,11,,,,,,,1876000000,31150,65019,0,211118,130014,B,1071,000000,000000000,D,,00,00,03,,JAMDC
20,,272039160030160,358685098519620,1,1,1,112345678900,0,11,,,,,,,9725200000,01061,34436,0,211118,130015,B,562,000000,000000035,D,,03,00,00,,ISRCL
20,,272039160030160,352859309933310,1,1,1,91123456789,0,11,,,,,,,3579900000,31150,65019,0,211118,130016,B,230,000000,000000001,D,,03,00,00,,CYPCT
20,,272039160030160,352859309933310,1,1,1,91123456789,0,11,,,,,,,4917500000,31150,65019,0,211118,130017,B,72,000000,000000000,D,,03,00,00,,DEUD1
30,,272039160030160,867495039412500,1,1,1,20123456789,0,11,,,,,,,5076000000,01041,54085,0,211118,130018,B,755,000000,000000000,D,,00,00,03,,PANDC
20,,272039160030160,356163111681890,1,1,1,112345678900,0,11,,,,,,,5511850000,10131,32641,0,211118,130019,B,904,000000,000000034,D,,03,00,00,,BRASP
30,,272039160030160,359458685424380,1,1,1,12345678900,0,11,,,,,,,4369900000,11104,16493,0,211118,130020,B,420,000000,000000000,D,,00,00,03,,AUTCA
30,,272039160030160,356392107931160,1,1,1,12345678900,0,11,,,,,,,5372640000,31150,65019,0,211118,130021,B,396,000000,000000000,D,,00,00,03,,CUB01
30,,272039160030160,356392107931160,1,1,1,20123456789,0,11,,,,,,,4206030000,01061,23974,0,211118,130022,B,152,000000,000000000,D,,00,00,03,,CZERM
30,,272039160030160,358685098519620,1,1,1,3412345678,0,11,,,,,,,1647580000,01061,14155,0,211118,130023,B,189,000000,000000000,D,,00,00,03,,CANTS
20,,272039160030160,354127113753370,1,1,1,353851234567,0,11,,,,,,,3099000000,31121,63103,0,211118,130024,B,852,000000,000000149,D,,03,00,00,,GRCQT
30,,272039160030160,359708824377160,1,1,1,112345678900,0,11,,,,,,,3069900000,31150,65019,0,211118,130025,B,954,000000,000000000,D,,00,00,03,,GRCSH
30,,272039160030160,867495039412500,1,1,1,12345678900,0,11,,,,,,,9957700000,01041,54508,0,211118,130026,B,1037,000000,000000000,D,,00,00,03,,GEOGC
20,,272039160030160,356392107931160,1,1,1,3312345678,0,11,,,,,,,3069900000,31150,65019,0,211118,130027,B,79,000000,000000001,D,,03,00,00,,GRCQT
20,,272039160030160,356392107931160,1,1,1,20123456789,0,11,,,,,,,9945500000,01061,23974,0,211118,130028,B,402,000000,000000018,D,,03,00,00,,AZEBC
20,,272039160030160,359042089706940,1,1,1,91123456789,0,11,,,,,,,3598900000,01021,37100,0,211118,130029,B,869,000000,000000044,D,,03,00,00,,BGRCM
30,,272039160030160,352859309933310,1,1,1,47123456789,0,11,,,,,,,5541950000,31150,65019,0,211118,130030,B,1148,000000,000000000,D,,00,00,03,,BRACS
20,,272039160030160,356392107931160,1,1,1,112345678900,0,11,,,,,,,2377000000,01061,23974,0,211118,130031,B,1002,000000,000000000,D,,03,00,00,,CMRMT
20,,272039160030160,356392107931160,1,1,1,20123456789,0,11,,,,,,,3774000000,01061,23974,0,211118,130032,B,885,000000,000000044,D,,03,00,00,,MCOM2
20,,272039160030160,358685098519620,1,1,1,3412345678,0,11,,,,,,,1905610000,01061,20891,0,211118,130033,B,929,000000,000000784,D,,03,00,00,,CANBM
20,,272039160030160,354568110787440,1,1,1,86123456789,0,11,,,,,,,9199420000,01041,12430,0,211118,130034,B,340,000000,000000021,D,,03,00,00,,INDAC
30,,272039160030160,359042089706940,1,1,1,3312345678,0,11,,,,,,,4747910000,01021,37112,0,211118,130035,B,469,000000,000000000,D,,00,00,03,,NORNN
20,,272039160030160,356082095755020,1,1,1,222123456789,0,11,,,,,,,1647380000,01021,51269,0,211118,130036,B,299,000000,000000001,D,,03,00,00,,CANBM
30,,272039160030160,356082095755020,1,1,1,3412345678,0,11,,,,,,,6148100000,01021,51269,0,211118,130037,B,993,000000,000000000,D,,00,00,03,,AUSOP
20,,272039160030160,354568110787440,1,1,1,353851234567,0,11,,,,,,,4368100000,01041,13459,0,211118,130038,B,84,000000,000000088,D,,03,00,00,,AUTON
20,,272039160030160,356392107931160,1,1,1,112345678900,0,11,,,,,,,8529200000,01061,23974,0,211118,130039,B,918,000000,000000039,D,,03,00,00,,HKGNW
30,,272039160030160,353773291476030,1,1,1,112345678900,0,11,,,,,,,4917100000,31150,65019,0,211118,130040,B,164,000000,000000000,D,,00,00,03,,DEUD1
20,,272039160030160,350396265316870,1,1,1,3412345678,0,11,,,,,,,3752960000,01021,38113,0,211118,130041,B,1116,000000,000000002,D,,03,00,00,,BLRMD
20,,272039160030160,358558821119860,1,1,1,86123456789,0,11,,,,,,,5511810000,31121,61248,0,211118,130042,B,1179,000000,000000025,D,,03,00,00,,BRASP
20,,272039160030160,350396265316870,1,1,1,86123456789,0,11,,,,,,,5541950000,01021,37116,0,211118,130043,B,22,000000,000000093,D,,03,00,00,,BRACS
30,,272039160030160,354568110787440,1,1,1,112345678900,0,11,,,,,,,5432000000,01041,13459,0,211118,130044,B,1161,000000,000000000,D,,00,00,03,,ARGCM
20,,272039160030160,869341056207590,1,1,1,3412345678,0,11,,,,,,,4478020000,31150,65019,0,211118,130045,B,145,000000,000000034,D,,03,00,00,,GBRCN
30,,272039160030160,358685098519620,1,1,1,91123456789,0,11,,,,,,,9190340000,31150,65019,0,211118,130046,B,553,000000,000000000,D,,00,00,03,,INDTH
20,,272039160030160,353773291476030,1,1,1,61123456789,0,11,,,,,,,3774400000,31150,65019,0,211118,130047,B,940,000000,000000015,D,,03,00,00,,MCOM1
20,,272039160030160,869341056207590,1,1,1,61123456789,0,11,,,,,,,3754400000,01061,14154,0,211118,130048,B,1129,000000,000000057,D,,03,00,00,,BLRMD
20,,272039160030160,359316108892530,1,1,1,3412345678,0,11,,,,,,,3579600000,00360,56852,0,211118,130049,B,1135,000000,000000004,D,,03,00,00,,CYPSC
20,,272039160030160,865885048992030,1,1,1,86123456789,0,11,,,,,,,9198160000,00390,44023,0,211118,130050,B,435,000000,000000079,D,,03,00,00,,INDBL
20,,272039160030160,356163111681890,1,1,1,353851234567,0,11,,,,,,,9190850000,10131,32643,0,211118,130051,B,1132,000000,000000012,D,,03,00,00,,INDAM
20,,272039160030160,356580107936460,1,1,1,91123456789,0,11,,,,,,,45405a0000,00350,40592,0,211118,130052,B,914,000000,000000002,D,,03,00,00,,DNKDM
20,,272039160030160,354141338896330,1,1,1,222123456789,0,11,,,,,,,6141500000,01071,34156,0,211118,130053,B,1098,000000,000000086,D,,03,00,00,,AUSVF
30,,272039160030160,865885048992030,1,1,1,86123456789,0,11,,,,,,,9198900000,00390,44023,0,211118,130054,B,1087,000000,000000000,D,,00,00,03,,INDID
20,,272039160030160,353169101417200,1,1,1,91123456789,0,11,,,,,,,3547700000,01021,63391,0,211118,130055,B,32,000000,000000000,D,,03,00,00,,ISLNO
20,,272039160030160,353169101417200,1,1,1,91123456789,0,11,,,,,,,4917600000,01021,63391,0,211118,130056,B,94,000000,000000000,D,,03,00,00,,DEUO2
30,,272039160030160,358558821119860,1,1,1,237123456789,0,11,,,,,,,3460900000,31121,61248,0,211118,130057,B,7,000000,000000000,D,,00,00,03,,ESPTE
20,,272039160030160,867129030789020,1,1,1,12345678900,0,11,,,,,,,2126639000,00350,46292,0,211118,130058,B,826,000000,000000002,D,,03,00,00,,MARMT
20,,272039160030160,865885048992030,1,1,1,86123456789,0,11,,,,,,,4368100000,00390,44023,0,211118,130059,B,571,000000,000000014,D,,03,00,00,,AUTON
20,,272039160030160,351779112673880,1,1,1,222123456789,0,11,,,,,,,3933500000,01091,56678,0,211118,130100,B,1145,000000,000000001,D,,03,00,00,,ITASI
30,,272039160030160,353169101417200,1,1,1,20123456789,0,11,,,,,,,9199420000,31121,48303,0,211118,130101,B,1029,000000,000000000,D,,00,00,03,,INDAC
20,,272039160030160,865885048992030,1,1,1,3312345678,0,11,,,,,,,3526210000,00390,53421,0,211118,130102,B,546,000000,000000005,D,,03,00,00,,LUXPT
30,,272039160030160,353169101417200,1,1,1,353851234567,0,11,,,,,,,9659600000,01021,63391,0,211118,130103,B,17,000000,000000000,D,,00,00,03,,KWTMT
20,,272039160030160,359042089706940,1,1,1,5212345678,0,11,,,,,,,1647210000,01021,37112,0,211118,130104,B,94,000000,000000048,D,,03,00,00,,CANTS
30,,272039160030160,358558821119860,1,1,1,222123456789,0,11,,,,,,,8559000000,31121,61248,0,211118,130105,B,1104,000000,000000000,D,,00,00,03,,KHMST
20,,272039160030160,865885048992030,1,1,1,86123456789,0,11,,,,,,,3752970000,00390,44023,0,211118,130106,B,433,000000,000000195,D,,03,00,00,,BLR02
20,,272039160030160,358558821119860,1,1,1,353851234567,0,11,,,,,,,4550600000,31121,61248,0,211118,130107,B,311,000000,000000006,D,,03,00,00,,DNKTD
30,,272039160030160,353773291476030,1,1,1,5212345678,0,11,,,,,,,2995000000,31150,65019,0,211118,130108,B,655,000000,000000000,D,,00,00,03,,GRLTG
20,,272039160030160,357771574865450,1,1,1,237123456789,0,11,,,,,,,3752960000,00340,53431,0,211118,130109,B,450,000000,000000011,D,,03,00,00,,BLRMD
20,,272039160030160,358558821119860,1,1,1,20123456789,0,11,,,,,,,3569900000,01021,51277,0,211118,130110,B,1095,000000,000000022,D,,03,00,00,,MLTTL
30,,272039160030160,869341056207590,1,1,1,112345678900,0,11,,,,,,,3247500000,31150,65019,0,211118,130111,B,235,000000,000000000,D,,00,00,03,,BELTB
30,,272039160030160,356163111681890,1,1,1,222123456789,0,11,,,,,,,1441336000,31150,60322,0,211118,130112,B,821,000000,000000000,D,,00,00,03,,BMUNI
30,,272039160030160,356928101540340,1,1,1,86123456789,0,11,,,,,,,3584400000,31150,65019,0,211118,130113,B,943,000000,000000000,D,,00,00,03,,FIN2G
20,,272039160030160,358558821119860,1,1,1,3312345678,0,11,,,,,,,2613400000,01021,13305,0,211118,130114,B,205,000000,000000019,D,,03,00,00,,MDGTM
20,,272039160030160,358685098519620,1,1,1,353851234567,0,11,,,,,,,3465400000,31150,65019,0,211118,130115,B,520,000000,000000003,D,,03,00,00,,ESPRT
20,,272039160030160,869341056207590,1,1,1,222123456789,0,11,,,,,,,3162400000,31150,65019,0,211118,130116,B,736,000000,000000002,D,,03,00,00,,NLDPN
30,,272039160030160,354127113753370,1,1,1,91123456789,0,11,,,,,,,3465400000,31121,61261,0,211118,130117,B,675,000000,000000000,D,,00,00,03,,ESPRT
20,,272039160030160,356928101540340,1,1,1,20123456789,0,11,,,,,,,2016000000,31150,65019,0,211118,130118,B,132,000000,000000027,D,,03,00,00,,EGYMS
20,,272039160030160,867129030789020,1,1,1,237123456789,0,11,,,,,,,4477850000,00340,45752,0,211118,130119,B,129,000000,000000002,D,,03,00,00,,GBRVF
20,,272039160030160,869341056207590,1,1,1,91123456789,0,11,,,,,,,5076200000,01061,20897,0,211118,130120,B,673,000000,000000003,D,,03,00,00,,PANCL
20,,272039160030160,357367094292350,1,1,1,237123456789,0,11,,,,,,,3935190000,00360,46322,0,211118,130121,B,801,000000,000000002,D,,03,00,00,,ITAFM
20,,272039160030160,359847106259470,1,1,1,353851234567,0,11,,,,,,,4526000000,31121,61248,0,211118,130122,B,473,000000,000000033,D,,03,00,00,,DNKMX
30,,272039160030160,867129030789020,1,1,1,112345678900,0,11,,,,,,,5534900000,00340,45751,0,211118,130123,B,682,000000,000000000,D,,00,00,03,,BRACS
20,,272039160030160,352859309933310,1,1,1,91123456789,0,11,,,,,,,9647500000,31150,65019,0,211118,130124,B,544,000000,000000018,D,,03,00,00,,IRQKK
20,,272039160030160,865885048992030,1,1,1,61123456789,0,11,,,,,,,4540500000,00390,63732,0,211118,130125,B,290,000000,000000833,D,,03,00,00,,DNKDM
20,,272039160030160,869341056207590,1,1,1,91123456789,0,11,,,,,,,3165300000,31150,60211,0,211118,130126,B,1037,000000,000000002,D,,03,00,00,,NLDTM
30,,272039160030160,869341056207590,1,1,1,112345678900,0,11,,,,,,,4477850000,31150,60211,0,211118,130127,B,1131,000000,000000000,D,,00,00,03,,GBRVF
30,,272039160030160,354568110787440,1,1,1,20123456789,0,11,,,,,,,2613400000,01041,12430,0,211118,130128,B,1042,000000,000000000,D,,00,00,03,,MDGTM
20,,272039160030160,869341056207590,1,1,1,91123456789,0,11,,,,,,,1809850000,31150,60211,0,211118,130129,B,8,000000,000000024,D,,03,00,00,,DOM01
30,,272039160030160,865885048992030,1,1,1,3412345678,0,11,,,,,,,9198370000,00390,63732,0,211118,130130,B,626,000000,000000000,D,,00,00,03,,INDEU
30,,272039160030160,358685098519620,1,1,1,20123456789,0,11,,,,,,,4747910000,31150,65019,0,211118,130131,B,264,000000,000000000,D,,00,00,03,,NORNN
30,,272039160030160,353169101417200,1,1,1,91123456789,0,11,,,,,,,3725600000,01021,63391,0,211118,130132,B,177,000000,000000000,D,,00,00,03,,ESTRE
20,,272039160030160,867495039412500,1,1,1,112345678900,0,11,,,,,,,9198420000,01032,43718,0,211118,130133,B,1155,000000,000000527,D,,03,00,00,,INDAC
20,,272039160030160,359144077540030,1,1,1,20123456789,0,11,,,,,,,5048900000,00380,63462,0,211118,130134,B,703,000000,000000001,D,,03,00,00,,HNDDC
30,,272039160030160,357771574865450,1,1,1,5212345678,0,11,,,,,,,3584510000,00340,43023,0,211118,130135,B,542,000000,000000000,D,,00,00,03,,FINRL
20,,272039160030160,358558821119860,1,1,1,3412345678,0,11,,,,,,,9198440000,31121,61248,0,211118,130136,B,348,000000,000000001,D,,03,00,00,,INDSK
30,,272039160030160,358558821119860,1,1,1,237123456789,0,11,,,,,,,6281800000,31121,61248,0,211118,130137,B,90,000000,000000000,D,,00,00,03,,IDNEX
30,,272039160030160,354568110787440,1,1,1,5212345678,0,11,,,,,,,3505800000,01041,13459,0,211118,130138,B,926,000000,000000000,D,,00,00,03,,GIBGT
30,,272039160030160,350153274303290,1,1,1,5212345678,0,11,,,,,,,9715000000,01021,63395,0,211118,130139,B,347,000000,000000000,D,,00,00,03,,ARETC
20,,272039160030160,358685098519620,1,1,1,91123456789,0,11,,,,,,,3737940000,01061,32397,0,211118,130140,B,138,000000,000000177,D,,03,00,00,,MDAMC
30,,272039160030160,359708824377160,1,1,1,112345678900,0,11,,,,,,,5531900000,31150,60211,0,211118,130141,B,320,000000,000000000,D,,00,00,03,,BRACS
20,,272039160030160,358558821119860,1,1,1,112345678900,0,11,,,,,,,9715000000,31121,61248,0,211118,130142,B,1078,000000,000000010,D,,03,00,00,,ARETC
20,,272039160030160,352859309933310,1,1,1,86123456789,0,11,,,,,,,6141800000,31150,65019,0,211118,130143,B,53,000000,000000032,D,,03,00,00,,AUSTA
20,,272039160030160,352859309933310,1,1,1,12345678900,0,11,,,,,,,9198970000,31150,65019,0,211118,130144,B,465,000000,000000011,D,,03,00,00,,INDA6
20,,272039160030160,358558821119860,1,1,1,86123456789,0,11,,,,,,,1809000000,31121,61248,0,211118,130145,B,298,000000,000000037,D,,03,00,00,,DOM01
20,,272039160030160,357962107799200,1,1,1,86123456789,0,11,,,,,,,9190360000,31150,65019,0,211118,130146,B,194,000000,000000020,D,,03,00,00,,INDT1
30,,272039160030160,865885048992030,1,1,1,20123456789,0,11,,,,,,,3736910000,00390,44023,0,211118,130147,B,314,000000,000000000,D,,00,00,03,,MDAVX
20,,272039160030160,352859309933310,1,1,1,237123456789,0,11,,,,,,,4179000000,31150,65019,0,211118,130148,B,1161,000000,000000036,D,,03,00,00,,CHEC1
30,,272039160030160,869341056207590,1,1,1,112345678900,0,11,,,,,,,6797000000,31150,65019,0,211118,130149,B,659,000000,000000000,D,,00,00,03,,FJIDP
20,,272039160030160,358685098519620,1,1,1,112345678900,0,11,,,,,,,9893200000,01061,32397,0,211118,130150,B,545,000000,000000008,D,,03,00,00,,IRNRI
30,,272039160030160,865885048992030,1,1,1,222123456789,0,11,,,,,,,5294100000,00390,44023,0,211118,130151,B,1200,000000,000000000,D,,00,00,03,,MEXTL
20,,272039160030160,352859309933310,1,1,1,237123456789,0,11,,,,,,,1876000000,31150,65019,0,211118,130152,B,409,000000,000000010,D,,03,00,00,,JAMDC
20,,272039160030160,358685098519620,1,1,1,3312345678,0,11,,,,,,,9198310000,01061,32397,0,211118,130153,B,1089,000000,000000388,D,,03,00,00,,INDMT
30,,272039160030160,358558821119860,1,1,1,5212345678,0,11,,,,,,,9607700000,01021,51269,0,211118,130154,B,397,000000,000000000,D,,00,00,03,,MDV01
30,,272039160030160,356928101540340,1,1,1,112345678900,0,11,,,,,,,5372640000,31150,65019,0,211118,130155,B,1004,000000,000000000,D,,00,00,03,,CUB01
20,,272039160030160,353467110855550,1,1,1,237123456789,0,11,,,,,,,8529060000,31121,61248,0,211118,130156,B,1194,000000,000000010,D,,03,00,00,,HKGPP
30,,272039160030160,359847106259470,1,1,1,237123456789,0,11,,,,,,,1441590000,31121,61248,0,211118,130157,B,60,000000,000000000,D,,00,00,03,,BMU01
20,,272039160030160,353019117623700,1,1,1,353851234567,0,11,,,,,,,2348020000,01021,49168,0,211118,130158,B,47,000000,000000084,D,,03,00,00,,NGAET
20,,272039160030160,358685098519620,1,1,1,3312345678,0,11,,,,,,,2377000000,31150,65019,0,211118,130159,B,661,000000,000000012,D,,03,00,00,,CMRMT
30,,272039160030160,356928101540340,1,1,1,353851234567,0,11,,,,,,,4479117000,01061,23974,0,211118,130200,B,523,000000,000000000,D,,00,00,03,,GBRJT
30,,272039160030160,863024051299230,1,1,1,91123456789,0,11,,,,,,,9190280000,01032,27445,0,211118,130201,B,773,000000,000000000,D,,00,00,03,,INDT6
30,,272039160030160,356082095755020,1,1,1,5212345678,0,11,,,,,,,4438500000,01021,51269,0,211118,130202,B,1040,000000,000000000,D,,00,00,03,,GBRVF
20,,272039160030160,357367094292350,1,1,1,61123456789,0,11,,,,,,,8551600000,00360,51471,0,211118,130203,B,733,000000,000000002,D,,03,00,00,,KHMSM
30,,272039160030160,865885048992030,1,1,1,237123456789,0,11,,,,,,,5233300000,00390,53421,0,211118,130204,B,919,000000,000000000,D,,00,00,03,,MEXIU
20,,272039160030160,357879820234670,1,1,1,3312345678,0,11,,,,,,,3567900000,01061,23974,0,211118,130205,B,111,000000,000000049,D,,03,00,00,,MLTGO
20,,272039160030160,865885048992030,1,1,1,12345678900,0,11,,,,,,,5076000000,00390,53421,0,211118,130206,B,954,000000,000000027,D,,03,00,00,,PANDC
20,,272039160030160,865885048992030,1,1,1,47123456789,0,11,,,,,,,1647380000,00390,53421,0,211118,130207,B,1052,000000,000000001,D,,03,00,00,,CANBM
20,,272039160030160,865885048992030,1,1,1,222123456789,0,11,,,,,,,9198460000,00390,53421,0,211118,130208,B,596,000000,000000001,D,,03,00,00,,INDBK
20,,272039160030160,865885048992030,1,1,1,12345678900,0,11,,,,,,,5199440000,00390,47882,0,211118,130209,B,720,000000,000000001,D,,03,00,00,,PERMO
20,,272039160030160,354568110787440,1,1,1,91123456789,0,11,,,,,,,5562810000,01051,10400,0,211118,130210,B,565,000000,000000019,D,,03,00,00,,BRACS
20,,272039160030160,353773291476030,1,1,1,86123456789,0,11,,,,,,,3584576000,01061,23974,0,211118,130211,B,422,000000,000000017,D,,03,00,00,,FINTA
20,,272039160030160,353773291476030,1,1,1,112345678900,0,11,,,,,,,5434000000,31150,65019,0,211118,130212,B,473,000000,000000005,D,,03,00,00,,ARGTP
20,,272039160030160,865885048992030,1,1,1,3412345678,0,11,,,,,,,5066000000,00390,53421,0,211118,130213,B,687,000000,000000198,D,,03,00,00,,CRITC
30,,272039160030160,354568110787440,1,1,1,222123456789,0,11,,,,,,,3165300000,31101,51391,0,211118,130214,B,497,000000,000000000,D,,00,00,03,,NLDTM
20,,272039160030160,356082095755020,1,1,1,47123456789,0,11,,,,,,,8829900000,01021,51553,0,211118,130215,B,176,000000,000000045,D,,03,00,00,,NORAM
20,,272039160030160,356082095755020,1,1,1,86123456789,0,11,,,,,,,3725000000,01021,51553,0,211118,130216,B,4,000000,000000060,D,,03,00,00,,ESTEM
20,,272039160030160,356082095755020,1,1,1,12345678900,0,11,,,,,,,9190880000,01021,51553,0,211118,130217,B,546,000000,000000119,D,,03,00,00,,INDIK
30,,272039160030160,865885048992030,1,1,1,353851234567,0,11,,,,,,,5585900000,00390,53421,0,211118,130218,B,833,000000,000000000,D,,00,00,03,,BRARN
20,,272039160030160,865885048992030,1,1,1,86123456789,0,11,,,,,,,9198490000,00390,53421,0,211118,130219,B,414,000000,000000323,D,,03,00,00,,INDJH
30,,272039160030160,356163111681890,1,1,1,222123456789,0,11,,,,,,,9190430000,01061,63581,0,211118,130220,B,892,000000,000000000,D,,00,00,03,,INDT2
20,,272039160030160,356163111681890,1,1,1,47123456789,0,11,,,,,,,4917600000,01061,63997,0,211118,130221,B,330,000000,000000009,D,,03,00,00,,DEUE2
30,,272039160030160,867129030789020,1,1,1,3312345678,0,11,,,,,,,9198150000,00340,45751,0,211118,130222,B,645,000000,000000000,D,,00,00,03,,INDA9
30,,272039160030160,353467110855550,1,1,1,5212345678,0,11,,,,,,,1876000000,01021,37054,0,211118,130223,B,22,000000,000000000,D,,00,00,03,,JAMDC
30,,272039160030160,356392107931160,1,1,1,91123456789,0,11,,,,,,,3460600000,01061,23974,0,211118,130224,B,834,000000,000000000,D,,00,00,03,,ESPTE
30,,272039160030160,356163111681890,1,1,1,86123456789,0,11,,,,,,,9198370000,01061,64793,0,211118,130225,B,407,000000,000000000,D,,00,00,03,,INDEU
30,,272039160030160,359125101327230,1,1,1,61123456789,0,11,,,,,,,3933900000,00350,50632,0,211118,130226,B,281,000000,000000000,D,,00,00,03,,ITASI
30,,272039160030160,351328117236330,1,1,1,12345678900,0,11,,,,,,,6424100000,01021,35598,0,211118,130227,B,569,000000,000000000,D,,00,00,03,,NZLNH
20,,272039160030160,352711095912070,1,1,1,12345678900,0,11,,,,,,,2126639000,00350,47962,0,211118,130228,B,326,000000,000000002,D,,03,00,00,,MARMT
20,,272039160030160,352711095912070,1,1,1,222123456789,0,11,,,,,,,9198890000,00350,47962,0,211118,130229,B,501,000000,000000002,D,,03,00,00,,INDIU
20,,272039160030160,358558821119860,1,1,1,61123456789,0,11,,,,,,,1829990000,01021,61172,0,211118,130230,B,1,000000,000000000,D,,03,00,00,,DOMCL
20,,272039160030160,866957039310790,1,1,1,47123456789,0,11,,,,,,,3569900000,01071,31755,0,211118,130231,B,401,000000,000000173,D,,03,00,00,,MLTTL
20,,272039160030160,352711095912070,1,1,1,237123456789,0,11,,,,,,,9190860000,00350,41643,0,211118,130232,B,583,000000,000000019,D,,03,00,00,,INDIJ
30,,272039160030160,351328117236330,1,1,1,353851234567,0,11,,,,,,,1876000000,01021,35598,0,211118,130233,B,530,000000,000000000,D,,00,00,03,,JAMDC
30,,272039160030160,358685098519620,1,1,1,237123456789,0,11,,,,,,,5731000000,01061,32397,0,211118,130234,B,692,000000,000000000,D,,00,00,03,,COLCM
20,,272039160030160,354127113753370,1,1,1,91123456789,0,11,,,,,,,4479117000,01021,63410,0,211118,130235,B,60,000000,000000268,D,,03,00,00,,GBRJT
30,,272039160030160,865885048992030,1,1,1,5212345678,0,11,,,,,,,4478700000,00390,63732,0,211118,130236,B,178,000000,000000000,D,,00,00,03,,GBROR
30,,272039160030160,359708824377160,1,1,1,47123456789,0,11,,,,,,,1829300000,01061,26444,0,211118,130237,B,535,000000,000000000,D,,00,00,03,,DOMAC
20,,272039160030160,869341056207590,1,1,1,86123456789,0,11,,,,,,,3712585000,01061,32246,0,211118,130238,B,750,000000,000000242,D,,03,00,00,,LVABT
30,,272039160030160,351328117237800,1,1,1,237123456789,0,11,,,,,,,3712585000,31122,61024,0,211118,130239,B,47,000000,000000000,D,,00,00,03,,LTUMT
30,,272039160030160,358360106327270,1,1,1,112345678900,0,11,,,,,,,5063000000,01021,61172,0,211118,130240,B,1011,000000,000000000,D,,00,00,03,,CRICR
30,,272039160030160,356562086099770,1,1,1,112345678900,0,11,,,,,,,4531300000,01061,24585,0,211118,130241,B,1147,000000,000000000,D,,00,00,03,,DNKHU
30,,272039160030160,351328117237800,1,1,1,61123456789,0,11,,,,,,,3460700000,01021,25673,0,211118,130242,B,957,000000,000000000,D,,00,00,03,,ESPVV
30,,272039160030160,353467110855550,1,1,1,353851234567,0,11,,,,,,,8190500000,01021,61628,0,211118,130243,B,497,000000,000000000,D,,00,00,03,,JPNDO
30,,272039160030160,353552681993170,1,1,1,5212345678,0,11,,,,,,,8190660000,01021,61224,0,211118,130244,B,255,000000,000000000,D,,00,00,03,,JPNJP
20,,272039160030160,359042089706940,1,1,1,12345678900,0,11,,,,,,,9198290000,01021,37143,0,211118,130245,B,346,000000,000000000,D,,03,00,00,,INDH1
20,,272039160030160,356562086099770,1,1,1,86123456789,0,11,,,,,,,1829960000,01061,23974,0,211118,130246,B,1106,000000,000000004,D,,03,00,00,,DOMCL
20,,272039160030160,356562086099770,1,1,1,47123456789,0,11,,,,,,,5066000000,31150,65019,0,211118,130247,B,690,000000,000000003,D,,03,00,00,,CRITC
20,,272039160030160,356928101540340,1,1,1,353851234567,0,11,,,,,,,3556600000,01061,23239,0,211118,130248,B,1093,000000,000000018,D,,03,00,00,,ALBM4
90,SWEEP,IRLME,07466,215,211116052720,+0100,211118043148,+0100,8.54114,,